IONEX/c1pg3560.16i
     1.0            IONOSPHERE MAPS     GNSS                IONEX VERSION / TYPE
IONINX V5.3         AIUB                21-DEC-16 08:04     PGM / RUN BY / DATE 
CODE'S 1-DAY PREDICTED IONOSPHERE MAPS FOR DAY 356, 2016    COMMENT             
Global ionosphere maps (GIM) are generated on a daily basis DESCRIPTION         
at CODE using data from about 120 GNSS sites of the IGS and DESCRIPTION         
other institutions. The vertical total electron content     DESCRIPTION         
(VTEC) is modeled in a solar-geomagnetic reference frame    DESCRIPTION         
using a spherical harmonics expansion up to degree and      DESCRIPTION         
order 15. Piece-wise linear functions are used for          DESCRIPTION         
representation in the time domain. The time spacing of      DESCRIPTION         
their vertices is 1 hour, conforming with the epochs of the DESCRIPTION         
VTEC maps.                                                  DESCRIPTION         
To convert line-of-sight TEC into vertical TEC, a modified  DESCRIPTION         
single-layer model mapping function approximating the JPL   DESCRIPTION         
extended slab model mapping function is adopted. The        DESCRIPTION         
mapping function is evaluated at geodetic satellite         DESCRIPTION         
elevation angles. For the computation of the ionospheric    DESCRIPTION         
pierce points, a spherical layer with a radius of 6821 km   DESCRIPTION         
is assumed, implying geocentric, not geodetic IONEX         DESCRIPTION         
latitudes.                                                  DESCRIPTION         
Instrumental biases with respect to each involved GNSS code DESCRIPTION         
observable are estimated as constant values for each        DESCRIPTION         
day. They are modeled with one set of bias parameters for   DESCRIPTION         
each satellite and each station in case of GPS and for each DESCRIPTION         
satellite-station link in case of GLONASS. The code bias    DESCRIPTION         
datum is defined by zero-mean conditions imposed on the     DESCRIPTION         
satellite bias estimates. In this file, just GPS C1W-C2W    DESCRIPTION         
satellite and station bias values are included. The         DESCRIPTION         
complete set of GNSS code bias results is provided in an    DESCRIPTION         
additional Bias-SINEX file as pseudo-absolute values        DESCRIPTION         
specific to each observable.                                DESCRIPTION         
Contact address: code(at)aiub.unibe.ch                      DESCRIPTION         
Data archive:    ftp.unibe.ch/aiub/CODE/                    DESCRIPTION         
                 www.aiub.unibe.ch/download/CODE/           DESCRIPTION         
  2016    12    21     0     0     0                        EPOCH OF FIRST MAP  
  2016    12    22     0     0     0                        EPOCH OF LAST MAP   
  3600                                                      INTERVAL            
    25                                                      # OF MAPS IN FILE   
  NONE                                                      MAPPING FUNCTION    
    10.0                                                    ELEVATION CUTOFF    
One-way carrier phase leveled to code                       OBSERVABLES USED    
  6371.0                                                    BASE RADIUS         
     2                                                      MAP DIMENSION       
   450.0 450.0   0.0                                        HGT1 / HGT2 / DHGT  
    87.5 -87.5  -2.5                                        LAT1 / LAT2 / DLAT  
  -180.0 180.0   5.0                                        LON1 / LON2 / DLON  
    -1                                                      EXPONENT            
TEC/RMS values in 0.1 TECU; 9999, if no value available     COMMENT             
                                                            END OF HEADER       
[from data line 6864]
    17                                                      START OF TEC MAP    
  2016    12    21    16     0     0                        EPOCH OF CURRENT MAP
    87.5-180.0 180.0   5.0 450.0                            LAT/LON1/LON2/DLON/H
   23   23   23   24   24   24   24   24   24   24   24   24   24   24   23   23
   23   22   22   22   21   21   20   20   19   19   18   18   18   17   17   17
   16   16   16   16   16   16   16   16   16   16   16   16   16   16   16   17
   17   17   17   17   18   18   18   18   19   19   19   19   19   20   20   20
   20   21   21   21   22   22   22   22   23
    85.0-180.0 180.0   5.0 450.0                            LAT/LON1/LON2/DLON/H
   23   24   25   26   26   27   27   28   28   28   28   28   28   28   27   27
   26   25   24   23   22   21   20   19   18   17   16   15   14   14   13   12
   12   12   11   11   11   11   11   11   12   12   12   13   13   14   14   14
   15   15   16   16   16   17   17   17   17   17   18   18   18   18   18   19
   19   19   20   20   21   21   22   23   23
    82.5-180.0 180.0   5.0 450.0                            LAT/LON1/LON2/DLON/H
   22   23   25   26   27   29   30   31   31   32   32   32   32   32   31   30
   29   28   26   25   24   22   20   19   17   16   14   13   12   11   10    9
    8    8    8    7    7    8    8    8    9    9   10   10   11   12   13   13
   14   15   15   16   16   16   16   16   16   16   16   16   16   16   16   16
   16   17   17   17   18   19   20   21   22
    80.0-180.0 180.0   5.0 450.0                            LAT/LON1/LON2/DLON/H
   19   21   23   25   27   29   30   32   33   34   35   35   35   35   34   33
   32   31   29   28   26   24   22   20   18   17   15   13   11   10    9    8
    7    6    6    5    5    5    6    6    7    7    8    9   10   11   12   13
   14   15   16   16   17   17   17   17   16   16   16   15   15   14   14   14
   14   14   14   14   15   15   16   18   19
    77.5-180.0 180.0   5.0 450.0                            LAT/LON1/LON2/DLON/H
   16   18   20   22   25   27   30   32   34   35   36   37   37   37   36   36
   35   34   32   31   30   28   27   25   23   21   18   16   14   12   10    9
    7    6    6    5    5    5    5    5    6    7    8    9   10   11   13   14
   15   16   17   18   18   18   18   17   17   16   16   15   15   14   13   13
   12   12   12   12   12   13   13   15   16
    75.0-180.0 180.0   5.0 450.0                            LAT/LON1/LON2/DLON/H
   14   15   17   20   22   25   28   31   33   35   36   37   38   38   38   37
   37   37   36   36   35   35   34   32   30   28   25   22   19   16   14   12
   10    9    8    7    6    6    6    6    6    7    8    9   10   12   13   15
   16   18   18   19   19   19   19   18   18   17   17   16   15   15   14   14
   13   13   12   12   11   11   12   12   14
    72.5-180.0 180.0   5.0 450.0                            LAT/LON1/LON2/DLON/H
   13   14   15   18   20   23   25   28   30   33   34   35   36   37   37   38
   39   39   40   42   43   43   43   42   40   37   34   30   26   22   19   16
   14   12   11    9    9    8    7    7    7    7    8    9   10   12   14   16
   17   18   19   19   19   19   19   18   18   17   17   17   17   17   17   16
   16   15   15   14   13   13   12   12   13
    70.0-180.0 180.0   5.0 450.0                            LAT/LON1/LON2/DLON/H
   14   14   15   16   18   20   23   25   27   29   31   32   34   35   36   38
   39   42   45   47   50   52   53   53   51   48   44   39   34   29   24   21
   18   16   14   13   11   10    9    8    8    8    8    9   10   12   14   15
   17   18   18   19   18   18   17   17   17   17   17   17   18   19   19   20
   20   19   19   18   17   16   15   14   14
    67.5-180.0 180.0   5.0 450.0                            LAT/LON1/LON2/DLON/H
   16   16   16   16   17   19   20   22   24   25   27   29   30   32   34   37
   40   44   48   53   57   60   63   63   61   58   53   47   40   35   29   25
   22   19   17   16   14   13   11   10    9    8    8    9   10   12   13   15
   16   17   17   16   16   15   14   14   14   15   16   17   19   20   21   22
   23   23   23   22   21   19   18   17   16
    65.0-180.0 180.0   5.0 450.0                            LAT/LON1/LON2/DLON/H
   19   18   18   18   18   18   18   19   20   21   23   25   27   29   32   35
   40   44   50   56   62   67   70   70   69   65   59   53   46   39   34   29
   26   23   21   19   17   15   13   12   10   10    9   10   11   12   13   14
   15   15   14   14   13   12   11   11   12   13   15   17   19   21   23   24
   25   26   26   25   24   23   22   20   19
    62.5-180.0 180.0   5.0 450.0                            LAT/LON1/LON2/DLON/H
   22   22   21   20   19   19   18   17   17   18   19   21   23   27   30   34
   39   45   51   58   65   70   73   74   73   69   63   57   50   44   39   34
   31   28   25   23   21   18   16   14   13   12   11   11   12   13   13   14
   14   13   13   11   10    9    9    9   11   12   14   17   19   21   23   24
   26   27   27   27   26   26   24   23   22
    60.0-180.0 180.0   5.0 450.0                            LAT/LON1/LON2/DLON/H
   25   25   24   24   22   21   19   17   15   15   16   18   22   25   30   35
   40   46   52   59   65   71   74   75   74   71   66   60   54   49   45   41
   38   35   31   28   25   22   20   18   17   16   15   15   15   15   15   15
   14   14   12   11   10    9    9   10   12   14   16   18   20   22   23   24
   25   26   27   27   27   27   26   26   25
    57.5-180.0 180.0   5.0 450.0                            LAT/LON1/LON2/DLON/H
   28   28   29   28   27   24   21   18   16   15   16   18   21   26   31   37
   42   48   54   60   65   70   73   74   74   71   68   64   60   57   54   51
   47   43   39   35   31   28   25   23   22   21   20   20   19   19   18   18
   17   16   15   13   12   12   12   14   16   19   21   22   23   24   24   24
   25   26   26   27   28   28   28   28   28
    55.0-180.0 180.0   5.0 450.0                            LAT/LON1/LON2/DLON/H
   31   32   33   33   32   29   25   21   18   17   17   20   24   29   35   41
   46   52   56   61   66   69   72   74   74   72   71   69   67   66   64   62
   58   54   48   43   38   35   32   30   29   28   27   26   25   25   24   23
   22   21   20   19   18   18   20   22   24   27   28   29   29   28   27   26
   26   26   27   28   29   29   29   30   31
    52.5-180.0 180.0   5.0 450.0                            LAT/LON1/LON2/DLON/H
   35   36   38   39   38   35   31   27   23   21   22   24   28   34   40   46
   52   57   61   65   68   71   74   75   76   76   75   76   76   77   76   74
   69   64   57   51   46   42   40   38   37   36   35   34   33   32   31   31
   30   29   29   28   27   28   29   32   35   37   38   38   37   35   33   31
   30   29   30   31   31   32   32   33   35
    50.0-180.0 180.0   5.0 450.0                            LAT/LON1/LON2/DLON/H
   39   41   44   45   45   42   38   34   30   28   29   31   35   40   47   54
   60   64   68   71   73   76   78   80   81   81   82   84   85   86   86   84
   79   72   65   59   54   50   48   46   45   45   44   42   41   40   40   39
   39   39   39   38   38   39   41   43   46   48   49   48   46   43   40   37
   36   35   35   36   37   37   37   38   39
    47.5-180.0 180.0   5.0 450.0                            LAT/LON1/LON2/DLON/H
   44   46   49   51   51   49   45   41   39   37   38   40   43   48   55   62
   67   72   75   78   81   84   86   88   89   90   90   92   93   94   93   90
   84   78   71   65   61   58   56   55   54   53   52   51   50   49   49   49
   49   50   49   49   49   49   51   54   56   58   58   57   54   51   48   45
   43   43   43   43   44   43   43   43   44
    45.0-180.0 180.0   5.0 450.0                            LAT/LON1/LON2/DLON/H
   49   51   53   55   56   54   51   48   47   47   48   50   53   57   63   69
   75   80   84   87   90   94   97   99   99   99   98   98   97   97   95   91
   86   80   74   70   67   66   65   64   63   62   60   59   58   57   57   58
   59   59   59   58   57   58   60   62   64   65   65   63   61   58   55   53
   51   50   50   51   51   50   49   49   49
    42.5-180.0 180.0   5.0 450.0                            LAT/LON1/LON2/DLON/H
   53   54   56   58   58   57   55   54   54   56   59   61   63   66   71   76
   82   87   91   95  100  105  109  110  110  108  105  102   99   96   92   89
   84   80   76   74   74   74   74   73   71   69   67   66   65   64   65   65
   66   67   66   65   63   63   65   67   68   68   68   66   64   62   60   58
   57   56   56   57   57   56   54   53   53
    40.0-180.0 180.0   5.0 450.0                            LAT/LON1/LON2/DLON/H
   54   55   57   59   59   58   56   57   60   64   68   71   73   75   79   83
   87   92   96  102  109  115  120  121  119  115  109  103   97   92   88   85
   82   80   79   80   81   83   84   82   80   77   74   72   71   71   71   72
   72   72   71   68   67   66   67   69   69   69   68   66   65   64   63   61
   60   59   60   60   60   59   57   55   54
    37.5-180.0 180.0   5.0 450.0                            LAT/LON1/LON2/DLON/H
   53   54   55   57   57   56   55   57   62   69   76   80   82   84   86   88
   91   95  100  107  115  123  128  129  126  120  112  104   96   90   87   85
   84   85   86   89   92   94   94   92   88   84   81   79   78   77   77   77
   76   75   73   70   68   67   68   69   69   68   66   64   64   63   63   62
   61   60   60   60   60   59   57   55   53
    35.0-180.0 180.0   5.0 450.0                            LAT/LON1/LON2/DLON/H
   51   51   52   54   53   52   52   55   62   72   81   87   90   91   92   93
   95   98  102  110  119  127  133  134  130  124  115  106   99   94   92   92
   94   97   99  102  105  107  106  102   97   91   88   85   84   83   82   81
   80   78   75   72   69   68   69   69   69   67   64   62   62   62   62   60
   59   58   57   57   57   56   55   52   51
    32.5-180.0 180.0   5.0 450.0                            LAT/LON1/LON2/DLON/H
   48   48   49   50   50   48   48   52   61   73   84   92   96   98   98   99
   99  100  104  112  121  130  135  135  132  126  120  113  107  105  106  110
  114  117  119  121  122  122  119  113  106  100   95   93   91   89   87   85
   83   81   77   74   72   71   71   71   69   67   63   62   61   61   60   59
   57   55   54   54   54   53   51   49   48
    30.0-180.0 180.0   5.0 450.0                            LAT/LON1/LON2/DLON/H
   45   45   46   48   48   46   45   49   58   72   86   95  101  103  104  104
  104  104  107  113  122  130  134  134  132  130  127  125  124  126  132  139
  144  146  145  143  140  137  132  125  116  109  104  101   99   97   94   91
   88   85   81   78   76   75   75   74   72   68   64   62   61   61   60   58
   55   53   51   51   51   50   48   46   45
    27.5-180.0 180.0   5.0 450.0                            LAT/LON1/LON2/DLON/H
   44   44   46   47   47   46   45   48   57   71   86   97  104  108  110  111
  110  109  111  116  123  129  132  133  133  135  139  143  148  155  165  175
  180  180  174  166  159  152  145  136  127  119  114  111  109  105  101   97
   94   90   87   84   81   80   79   78   74   70   66   64   63   62   61   58
   55   52   51   50   49   48   47   45   44
    25.0-180.0 180.0   5.0 450.0                            LAT/LON1/LON2/DLON/H
   46   46   48   49   50   48   47   49   58   72   87   99  107  112  116  117
  116  115  116  119  125  129  130  132  136  143  154  165  176  189  202  213
  218  213  202  188  176  166  157  147  138  130  125  122  119  114  109  104
  100   97   93   90   88   85   83   81   77   72   68   66   65   64   62   59
   56   54   52   51   51   50   48   47   46
    22.5-180.0 180.0   5.0 450.0                            LAT/LON1/LON2/DLON/H
   49   49   51   53   54   53   52   54   62   75   89  100  109  116  121  124
  124  122  122  124  128  129  130  133  140  154  171  188  205  222  237  248
  250  241  224  205  189  177  167  157  148  141  137  133  129  123  117  111
  106  103   99   96   93   89   86   82   77   72   68   66   66   65   63   60
   58   56   55   54   53   52   51   50   49
    20.0-180.0 180.0   5.0 450.0                            LAT/LON1/LON2/DLON/H
   53   53   55   57   59   59   58   61   68   80   93  103  112  120  127  131
  131  130  130  130  132  132  133  137  148  167  188  210  230  248  264  273
  272  259  237  215  197  185  175  167  159  153  149  145  139  131  123  116
  111  107  103  100   95   91   86   80   75   70   66   65   65   64   63   61
   59   58   58   57   56   56   55   54   53
    17.5-180.0 180.0   5.0 450.0                            LAT/LON1/LON2/DLON/H
   56   56   57   60   62   63   64   67   75   87   98  108  116  124  131  137
  139  138  137  137  137  137  138  145  159  180  205  227  247  265  279  286
  282  266  242  220  202  191  183  177  171  165  161  155  147  138  128  119
  113  109  105  101   95   89   83   77   71   66   63   61   62   62   61   60
   59   59   59   59   58   58   57   57   56
    15.0-180.0 180.0   5.0 450.0                            LAT/LON1/LON2/DLON/H
   56   55   56   59   62   65   67   73   82   94  104  113  121  128  136  142
  145  145  145  144  144  145  147  156  172  195  218  239  256  270  281  286
  279  263  241  220  205  197  192  187  182  177  172  165  154  142  130  120
  113  108  104   99   94   87   80   73   67   62   59   58   58   59   59   58
   58   58   58   58   57   57   57   56   56
    12.5-180.0 180.0   5.0 450.0                            LAT/LON1/LON2/DLON/H
   52   52   52   55   58   62   67   75   87   99  111  119  126  133  141  148
  151  152  152  152  153  155  160  171  188  209  229  244  257  266  274  276
  269  254  236  220  209  204  201  198  194  189  182  173  160  145  131  119
  112  107  103   98   92   85   79   73   67   62   58   56   56   56   56   56
   55   55   55   55   54   53   53   53   52
    10.0-180.0 180.0   5.0 450.0                            LAT/LON1/LON2/DLON/H
   46   45   46   48   51   57   64   75   89  103  116  124  131  139  147  153
  157  159  160  161  163  167  175  188  205  222  236  246  252  257  261  262
  257  246  232  222  216  214  212  209  205  200  192  180  164  147  131  119
  111  106  102   98   93   87   82   77   72   67   62   58   57   56   56   55
   54   53   52   51   50   49   48   48   46
     7.5-180.0 180.0   5.0 450.0                            LAT/LON1/LON2/DLON/H
   40   38   38   39   43   49   58   71   88  105  119  129  136  144  152  159
  164  166  168  171  175  182  192  206  222  235  242  245  246  247  250  251
  248  242  235  230  228  227  225  222  217  210  200  186  168  149  132  121
  113  109  106  103   99   95   91   88   83   78   72   66   63   61   60   58
   56   54   51   48   46   44   43   41   40
     5.0-180.0 180.0   5.0 450.0                            LAT/LON1/LON2/DLON/H
   34   32   31   32   35   41   51   67   85  104  120  131  141  149  158  165
  171  175  178  182  189  198  210  225  238  246  247  244  242  241  243  246
  247  245  244  244  244  242  239  233  227  218  207  191  171  152  136  126
  120  117  115  113  110  108  106  104  100   95   87   79   74   70   68   65
   61   57   53   49   46   42   40   37   34
     2.5-180.0 180.0   5.0 450.0                            LAT/LON1/LON2/DLON/H
   33   29   27   27   30   36   47   63   83  103  120  133  144  154  164  172
  178  183  188  194  202  214  228  242  252  255  252  246  242  242  245  250
  255  258  260  262  262  259  252  244  235  225  212  195  175  157  143  135
  132  130  129  128  127  126  125  124  121  114  106   97   89   84   80   76
   71   65   59   54   49   45   41   37   33
