IONEX/c1pg3560.16i
     1.0            IONOSPHERE MAPS     GNSS                IONEX VERSION / TYPE
IONINX V5.3         AIUB                21-DEC-16 08:04     PGM / RUN BY / DATE 
CODE'S 1-DAY PREDICTED IONOSPHERE MAPS FOR DAY 356, 2016    COMMENT             
Global ionosphere maps (GIM) are generated on a daily basis DESCRIPTION         
at CODE using data from about 120 GNSS sites of the IGS and DESCRIPTION         
other institutions. The vertical total electron content     DESCRIPTION         
(VTEC) is modeled in a solar-geomagnetic reference frame    DESCRIPTION         
using a spherical harmonics expansion up to degree and      DESCRIPTION         
order 15. Piece-wise linear functions are used for          DESCRIPTION         
representation in the time domain. The time spacing of      DESCRIPTION         
their vertices is 1 hour, conforming with the epochs of the DESCRIPTION         
VTEC maps.                                                  DESCRIPTION         
To convert line-of-sight TEC into vertical TEC, a modified  DESCRIPTION         
single-layer model mapping function approximating the JPL   DESCRIPTION         
extended slab model mapping function is adopted. The        DESCRIPTION         
mapping function is evaluated at geodetic satellite         DESCRIPTION         
elevation angles. For the computation of the ionospheric    DESCRIPTION         
pierce points, a spherical layer with a radius of 6821 km   DESCRIPTION         
is assumed, implying geocentric, not geodetic IONEX         DESCRIPTION         
latitudes.                                                  DESCRIPTION         
Instrumental biases with respect to each involved GNSS code DESCRIPTION         
observable are estimated as constant values for each        DESCRIPTION         
day. They are modeled with one set of bias parameters for   DESCRIPTION         
each satellite and each station in case of GPS and for each DESCRIPTION         
satellite-station link in case of GLONASS. The code bias    DESCRIPTION         
datum is defined by zero-mean conditions imposed on the     DESCRIPTION         
satellite bias estimates. In this file, just GPS C1W-C2W    DESCRIPTION         
satellite and station bias values are included. The         DESCRIPTION         
complete set of GNSS code bias results is provided in an    DESCRIPTION         
additional Bias-SINEX file as pseudo-absolute values        DESCRIPTION         
specific to each observable.                                DESCRIPTION         
Contact address: code(at)aiub.unibe.ch                      DESCRIPTION         
Data archive:    ftp.unibe.ch/aiub/CODE/                    DESCRIPTION         
                 www.aiub.unibe.ch/download/CODE/           DESCRIPTION         
  2016    12    21     0     0     0                        EPOCH OF FIRST MAP  
  2016    12    22     0     0     0                        EPOCH OF LAST MAP   
  3600                                                      INTERVAL            
    25                                                      # OF MAPS IN FILE   
  NONE                                                      MAPPING FUNCTION    
    10.0                                                    ELEVATION CUTOFF    
One-way carrier phase leveled to code                       OBSERVABLES USED    
  6371.0                                                    BASE RADIUS         
     2                                                      MAP DIMENSION       
   450.0 450.0   0.0                                        HGT1 / HGT2 / DHGT  
    87.5 -87.5  -2.5                                        LAT1 / LAT2 / DLAT  
  -180.0 180.0   5.0                                        LON1 / LON2 / DLON  
    -1                                                      EXPONENT            
TEC/RMS values in 0.1 TECU; 9999, if no value available     COMMENT             
                                                            END OF HEADER       
[from data line 9867]
    24                                                      START OF TEC MAP    
  2016    12    21    23     0     0                        EPOCH OF CURRENT MAP
    87.5-180.0 180.0   5.0 450.0                            LAT/LON1/LON2/DLON/H
   27   27   27   27   27   27   27   26   26   26   26   25   25   24   24   23
   23   22   22   21   21   20   20   19   19   19   18   18   18   18   18   18
   18   18   18   18   18   19   19   19   19   19   20   20   20   20   21   21
   21   21   21   22   22   22   22   23   23   23   23   24   24   24   25   25
   25   26   26   26   26   26   27   27   27
    85.0-180.0 180.0   5.0 450.0                            LAT/LON1/LON2/DLON/H
   30   31   31   31   31   31   31   31   30   30   29   28   27   26   25   24
   23   22   21   19   18   17   16   15   14   14   13   13   13   13   13   13
   14   14   15   15   16   16   17   17   18   18   19   19   19   19   20   20
   20   20   20   20   20   21   21   21   21   22   22   23   23   24   24   25
   25   26   27   27   28   29   29   30   30
    82.5-180.0 180.0   5.0 450.0                            LAT/LON1/LON2/DLON/H
   32   33   33   34   35   35   35   35   34   34   33   32   30   29   27   26
   24   22   20   18   16   14   13   11   10    9    9    8    8    9    9   10
   11   12   14   15   16   17   18   18   19   19   20   20   20   20   19   19
   19   19   19   18   18   18   18   18   19   19   19   20   20   21   22   23
   23   24   25   27   28   29   30   31   32
    80.0-180.0 180.0   5.0 450.0                            LAT/LON1/LON2/DLON/H
   32   33   35   36   37   38   38   38   38   37   36   35   34   32   30   27
   25   22   20   17   15   12   10    8    7    6    5    5    6    6    8    9
   11   13   15   17   19   20   21   22   22   22   22   21   21   20   19   19
   18   17   17   16   16   15   15   15   15   15   15   16   16   17   18   19
   20   21   23   24   26   27   29   30   32
    77.5-180.0 180.0   5.0 450.0                            LAT/LON1/LON2/DLON/H
   31   34   35   37   39   40   41   41   41   41   40   39   37   35   32   30
   27   24   21   18   15   12   10    8    6    5    4    4    5    6    8   11
   13   16   19   21   23   24   25   26   25   25   24   23   22   20   19   18
   17   16   15   14   13   13   12   12   12   12   12   12   13   13   14   15
   16   18   19   21   23   25   27   29   31
    75.0-180.0 180.0   5.0 450.0                            LAT/LON1/LON2/DLON/H
   31   34   37   39   41   43   44   45   45   44   44   42   40   38   35   32
   29   26   23   20   17   14   11    9    7    5    5    5    6    8   10   13
   16   20   23   25   27   28   29   29   28   27   25   23   21   19   18   16
   15   14   13   12   11   11   10   10    9    9    9    9   10   10   11   12
   14   15   17   19   21   24   26   29   31
    72.5-180.0 180.0   5.0 450.0                            LAT/LON1/LON2/DLON/H
   33   36   39   42   44   46   48   49   49   49   48   46   44   41   38   35
   32   29   26   23   20   17   14   12    9    8    7    7    8   10   12   16
   19   23   26   28   30   30   30   29   28   26   24   22   19   17   16   14
   13   12   11   10   10    9    9    9    8    8    8    9    9   10   11   12
   13   15   17   19   21   24   27   30   33
    70.0-180.0 180.0   5.0 450.0                            LAT/LON1/LON2/DLON/H
   36   40   43   46   49   51   53   54   54   54   52   50   47   44   40   37
   33   30   28   25   23   20   17   15   12   10    9    9   10   11   14   17
   20   23   26   28   29   29   28   27   25   23   21   18   16   15   13   12
   11   10   10   10   10    9    9    9    9    9    9    9   10   11   12   14
   15   17   19   21   24   27   30   33   36
    67.5-180.0 180.0   5.0 450.0                            LAT/LON1/LON2/DLON/H
   42   45   48   51   54   56   58   59   59   59   57   55   51   47   43   38
   35   31   29   26   24   22   20   17   15   13   11   10   11   12   14   17
   19   22   24   25   25   24   23   22   20   18   16   15   13   12   11   10
   10   10   10   10   10   10   10   10   10   11   11   12   13   14   16   17
   19   22   24   26   29   32   35   38   42
    65.0-180.0 180.0   5.0 450.0                            LAT/LON1/LON2/DLON/H
   49   52   55   57   59   61   63   64   64   64   62   59   55   50   45   40
   35   32   29   27   25   23   21   19   16   14   12   11   11   12   13   15
   17   18   19   19   19   18   17   16   15   14   13   13   12   11   11   10
   10   10   10   11   11   11   12   12   12   13   14   15   16   18   20   23
   25   28   30   33   36   39   42   45   49
    62.5-180.0 180.0   5.0 450.0                            LAT/LON1/LON2/DLON/H
   57   60   62   63   65   66   67   68   68   68   67   64   59   54   48   42
   37   33   29   27   25   23   21   18   16   13   12   10   10   10   11   12
   13   14   14   14   14   13   12   12   12   12   13   13   13   13   13   12
   12   12   12   12   13   13   14   15   15   16   17   18   20   23   26   29
   32   35   38   41   44   47   51   54   57
    60.0-180.0 180.0   5.0 450.0                            LAT/LON1/LON2/DLON/H
   66   68   69   70   70   70   70   70   70   70   69   67   63   57   51   45
   39   34   30   27   24   22   19   17   14   12   11   10    9   10   10   11
   11   12   12   11   11   11   11   11   13   14   16   18   18   18   17   16
   15   15   14   15   15   16   17   18   18   19   20   22   24   27   31   34
   39   43   46   50   53   57   60   63   66
    57.5-180.0 180.0   5.0 450.0                            LAT/LON1/LON2/DLON/H
   75   77   78   77   76   74   73   72   72   72   71   69   66   61   55   49
   43   38   33   28   24   21   18   15   13   11   10   10   10   10   11   12
   12   13   13   13   13   14   14   16   18   21   23   25   26   26   24   22
   21   19   19   19   19   20   21   22   23   23   25   26   28   31   35   40
   45   50   55   59   63   66   70   73   75
    55.0-180.0 180.0   5.0 450.0                            LAT/LON1/LON2/DLON/H
   85   87   87   86   83   80   77   75   74   73   72   71   68   64   60   54
   49   43   37   31   25   21   17   15   13   12   12   12   13   14   14   15
   16   17   18   19   20   21   23   25   28   31   34   35   36   35   33   30
   27   26   25   25   25   26   27   28   28   29   30   31   33   36   40   46
   51   57   63   68   72   76   80   83   85
    52.5-180.0 180.0   5.0 450.0                            LAT/LON1/LON2/DLON/H
   95   97   97   96   92   88   83   79   77   75   74   73   71   68   65   61
   55   49   42   35   28   23   19   16   15   15   15   16   18   19   20   22
   23   25   27   29   31   33   34   36   39   42   44   46   46   44   41   38
   35   33   32   32   33   33   34   35   35   35   36   37   38   41   46   51
   58   65   71   77   82   86   89   92   95
    50.0-180.0 180.0   5.0 450.0                            LAT/LON1/LON2/DLON/H
  104  107  108  107  104   99   93   87   83   80   78   76   74   72   70   67
   63   56   49   40   32   26   23   21   21   21   22   23   25   27   28   30
   32   34   38   41   44   45   47   48   50   52   54   55   55   52   49   46
   43   42   41   41   41   42   42   43   43   43   43   43   45   48   52   58
   65   72   79   85   90   94   98  101  104
    47.5-180.0 180.0   5.0 450.0                            LAT/LON1/LON2/DLON/H
  111  115  118  118  116  111  105   98   92   87   84   80   78   77   75   74
   70   64   55   46   38   32   29   29   29   30   31   32   34   35   36   38
   40   44   48   52   55   57   57   57   58   59   61   61   61   59   56   53
   51   50   50   50   50   51   51   51   51   50   50   50   52   55   59   65
   72   80   87   93   98  101  104  107  111
    45.0-180.0 180.0   5.0 450.0                            LAT/LON1/LON2/DLON/H
  115  120  125  127  127  123  117  110  103   97   92   87   84   82   81   80
   76   70   61   52   45   40   39   39   40   41   42   42   42   43   43   44
   47   51   55   60   63   64   64   63   62   63   64   65   65   64   62   60
   59   58   59   59   59   58   58   58   57   57   57   57   59   63   67   73
   80   87   94  100  104  107  109  111  115
    42.5-180.0 180.0   5.0 450.0                            LAT/LON1/LON2/DLON/H
  116  121  127  131  133  131  126  120  114  107  101   95   91   88   87   85
   82   75   67   58   52   49   49   51   53   53   53   52   50   49   49   49
   51   55   60   64   67   68   67   65   64   64   66   67   67   67   66   65
   65   65   65   65   65   64   63   63   62   61   62   63   66   70   76   81
   87   94  100  105  108  110  111  112  116
    40.0-180.0 180.0   5.0 450.0                            LAT/LON1/LON2/DLON/H
  113  118  124  130  133  133  131  126  121  115  109  104   99   95   93   91
   87   80   72   65   60   59   61   63   65   64   62   59   57   54   53   52
   54   57   61   65   68   68   67   65   64   64   66   68   69   69   69   69
   69   70   70   69   68   67   66   65   64   63   64   67   72   77   83   89
   94  100  105  109  111  111  111  111  113
    37.5-180.0 180.0   5.0 450.0                            LAT/LON1/LON2/DLON/H
  109  113  118  123  128  129  128  126  123  120  116  111  106  102   99   96
   91   85   78   71   68   69   71   74   74   73   69   65   62   58   56   55
   56   58   62   65   67   67   66   65   64   65   68   70   71   72   72   72
   72   72   71   70   68   66   65   64   63   63   64   69   75   83   89   95
  100  105  109  112  113  112  110  109  109
    35.0-180.0 180.0   5.0 450.0                            LAT/LON1/LON2/DLON/H
  107  107  110  114  118  120  121  121  121  120  118  115  111  107  104  101
   96   90   84   79   77   78   81   82   81   78   74   70   66   63   60   59
   59   61   64   66   68   68   67   66   67   68   71   73   74   74   73   73
   73   72   70   68   66   64   63   62   61   60   63   68   77   86   94  100
  105  109  112  114  115  114  111  108  107
    32.5-180.0 180.0   5.0 450.0                            LAT/LON1/LON2/DLON/H
  109  107  106  108  109  111  112  114  116  117  118  117  115  112  108  105
  101   96   90   87   85   86   87   87   84   81   76   73   70   68   66   65
   65   66   68   70   70   70   70   70   72   73   75   76   76   76   74   73
   71   69   66   63   61   60   60   59   57   57   60   67   77   88   97  104
  109  112  116  118  119  118  116  112  109
    30.0-180.0 180.0   5.0 450.0                            LAT/LON1/LON2/DLON/H
  118  113  109  107  107  107  107  109  111  114  117  118  117  115  112  109
  105  101   98   95   93   92   90   88   84   81   78   77   76   75   74   74
   74   75   76   76   76   76   76   77   78   80   80   80   78   76   73   71
   68   65   61   58   57   56   57   56   54   54   57   65   76   88   99  106
  112  117  121  124  126  127  126  122  118
    27.5-180.0 180.0   5.0 450.0                            LAT/LON1/LON2/DLON/H
  135  129  122  118  114  112  111  111  112  114  117  119  118  117  114  112
  109  107  104  101   98   95   91   86   83   80   80   82   84   85   85   85
   85   86   86   85   84   83   83   84   85   85   84   81   77   73   70   66
   63   59   56   53   52   53   54   54   52   52   55   64   76   89  100  109
  116  122  127  133  137  140  141  139  135
    25.0-180.0 180.0   5.0 450.0                            LAT/LON1/LON2/DLON/H
  160  153  146  139  135  131  128  124  122  122  122  122  121  119  117  114
  113  112  110  107  102   96   89   84   81   81   84   89   93   96   97   97
   97   97   95   93   90   89   88   89   89   87   84   79   73   68   64   61
   57   54   50   48   48   50   52   52   51   50   54   64   77   91  102  112
  121  129  137  144  151  157  161  162  160
    22.5-180.0 180.0   5.0 450.0                            LAT/LON1/LON2/DLON/H
  188  184  177  171  167  162  157  151  144  139  135  131  128  124  121  118
  117  116  114  110  103   95   87   82   81   84   91   98  104  108  109  108
  107  105  102   98   94   92   91   90   89   85   80   73   66   61   57   54
   51   48   45   44   46   48   50   50   49   50   55   65   79   93  106  116
  127  137  148  157  166  175  184  188  188
    20.0-180.0 180.0   5.0 450.0                            LAT/LON1/LON2/DLON/H
  218  216  212  209  206  202  196  187  176  165  155  147  140  133  128  124
  121  120  118  112  104   94   87   83   85   92  101  109  116  118  117  115
  113  109  105   99   94   90   88   87   84   79   72   64   57   53   50   48
   46   44   42   42   43   46   48   49   48   50   56   68   82   97  110  122
  135  148  160  171  182  194  205  214  218
    17.5-180.0 180.0   5.0 450.0                            LAT/LON1/LON2/DLON/H
  243  246  245  245  246  245  239  228  213  197  182  168  157  147  139  133
  128  125  122  115  106   96   90   89   94  103  113  121  125  125  122  118
  113  108  102   95   89   84   81   79   76   70   62   55   48   44   43   42
   41   40   40   40   42   44   46   46   47   50   58   71   86  102  115  129
  144  158  172  184  196  210  224  236  243
    15.0-180.0 180.0   5.0 450.0                            LAT/LON1/LON2/DLON/H
  262  268  271  275  279  281  278  267  250  230  211  193  178  166  155  146
  139  134  128  120  110  102   98  100  108  118  126  132  133  129  123  116
  110  103   96   88   81   75   72   69   66   60   53   46   41   38   38   38
   39   39   39   39   41   42   43   43   45   50   60   75   91  107  122  137
  152  168  183  195  208  222  237  252  262
    12.5-180.0 180.0   5.0 450.0                            LAT/LON1/LON2/DLON/H
  273  281  287  294  302  307  306  296  280  260  239  219  203  188  175  164
  154  146  138  129  120  113  112  116  125  133  139  140  136  129  121  112
  104   96   88   80   72   67   63   60   57   52   46   40   36   35   36   37
   38   39   39   40   41   41   40   41   43   51   63   78   95  112  127  144
  161  177  192  204  216  230  246  261  273
    10.0-180.0 180.0   5.0 450.0                            LAT/LON1/LON2/DLON/H
  277  285  292  301  311  318  320  313  299  280  261  242  226  212  198  186
  174  163  152  142  134  129  130  136  143  148  149  145  137  127  117  107
   98   90   82   74   67   62   58   55   51   47   43   39   36   36   37   39
   40   41   42   42   42   41   40   40   43   52   66   82   99  116  133  150
  167  184  199  210  221  234  250  265  277
     7.5-180.0 180.0   5.0 450.0                            LAT/LON1/LON2/DLON/H
  277  285  291  299  309  317  320  315  305  290  275  260  247  234  222  209
  196  183  171  160  153  150  152  156  160  160  155  146  135  123  113  104
   96   89   81   74   67   62   58   54   51   47   44   42   41   41   42   43
   44   45   46   46   46   43   41   41   46   55   69   86  103  120  137  154
  172  189  203  214  224  237  252  266  277
     5.0-180.0 180.0   5.0 450.0                            LAT/LON1/LON2/DLON/H
  277  283  288  294  301  308  310  307  301  291  281  271  262  253  243  232
  218  205  192  182  175  172  173  175  173  167  156  143  131  120  111  104
   98   92   86   80   74   68   63   59   55   52   49   48   48   49   49   50
   50   51   52   52   51   48   45   45   50   61   74   90  106  122  139  157
  175  192  205  216  227  239  253  267  277
     2.5-180.0 180.0   5.0 450.0                            LAT/LON1/LON2/DLON/H
  279  284  287  290  294  297  298  296  292  287  282  277  273  268  261  251
  239  226  213  203  197  194  192  188  181  168  153  138  126  118  112  108
  105  101   97   91   86   80   74   68   63   59   57   57   57   58   58   58
   57   57   58   59   57   53   50   51   57   67   80   94  109  124  141  158
  176  192  206  217  228  241  256  269  279
