IONEX/c1pg3560.16i
     1.0            IONOSPHERE MAPS     GNSS                IONEX VERSION / TYPE
IONINX V5.3         AIUB                21-DEC-16 08:04     PGM / RUN BY / DATE 
CODE'S 1-DAY PREDICTED IONOSPHERE MAPS FOR DAY 356, 2016    COMMENT             
Global ionosphere maps (GIM) are generated on a daily basis DESCRIPTION         
at CODE using data from about 120 GNSS sites of the IGS and DESCRIPTION         
other institutions. The vertical total electron content     DESCRIPTION         
(VTEC) is modeled in a solar-geomagnetic reference frame    DESCRIPTION         
using a spherical harmonics expansion up to degree and      DESCRIPTION         
order 15. Piece-wise linear functions are used for          DESCRIPTION         
representation in the time domain. The time spacing of      DESCRIPTION         
their vertices is 1 hour, conforming with the epochs of the DESCRIPTION         
VTEC maps.                                                  DESCRIPTION         
To convert line-of-sight TEC into vertical TEC, a modified  DESCRIPTION         
single-layer model mapping function approximating the JPL   DESCRIPTION         
extended slab model mapping function is adopted. The        DESCRIPTION         
mapping function is evaluated at geodetic satellite         DESCRIPTION         
elevation angles. For the computation of the ionospheric    DESCRIPTION         
pierce points, a spherical layer with a radius of 6821 km   DESCRIPTION         
is assumed, implying geocentric, not geodetic IONEX         DESCRIPTION         
latitudes.                                                  DESCRIPTION         
Instrumental biases with respect to each involved GNSS code DESCRIPTION         
observable are estimated as constant values for each        DESCRIPTION         
day. They are modeled with one set of bias parameters for   DESCRIPTION         
each satellite and each station in case of GPS and for each DESCRIPTION         
satellite-station link in case of GLONASS. The code bias    DESCRIPTION         
datum is defined by zero-mean conditions imposed on the     DESCRIPTION         
satellite bias estimates. In this file, just GPS C1W-C2W    DESCRIPTION         
satellite and station bias values are included. The         DESCRIPTION         
complete set of GNSS code bias results is provided in an    DESCRIPTION         
additional Bias-SINEX file as pseudo-absolute values        DESCRIPTION         
specific to each observable.                                DESCRIPTION         
Contact address: code(at)aiub.unibe.ch                      DESCRIPTION         
Data archive:    ftp.unibe.ch/aiub/CODE/                    DESCRIPTION         
                 www.aiub.unibe.ch/download/CODE/           DESCRIPTION         
  2016    12    21     0     0     0                        EPOCH OF FIRST MAP  
  2016    12    22     0     0     0                        EPOCH OF LAST MAP   
  3600                                                      INTERVAL            
    25                                                      # OF MAPS IN FILE   
  NONE                                                      MAPPING FUNCTION    
    10.0                                                    ELEVATION CUTOFF    
One-way carrier phase leveled to code                       OBSERVABLES USED    
  6371.0                                                    BASE RADIUS         
     2                                                      MAP DIMENSION       
   450.0 450.0   0.0                                        HGT1 / HGT2 / DHGT  
    87.5 -87.5  -2.5                                        LAT1 / LAT2 / DLAT  
  -180.0 180.0   5.0                                        LON1 / LON2 / DLON  
    -1                                                      EXPONENT            
TEC/RMS values in 0.1 TECU; 9999, if no value available     COMMENT             
                                                            END OF HEADER       
[from data line 3003]
     8                                                      START OF TEC MAP    
  2016    12    21     7     0     0                        EPOCH OF CURRENT MAP
    87.5-180.0 180.0   5.0 450.0                            LAT/LON1/LON2/DLON/H
   21   21   21   21   21   21   21   21   21   21   20   20   20   20   19   19
   18   18   18   17   17   17   16   16   16   16   15   15   15   15   15   15
   14   14   14   14   14   14   14   14   14   14   14   14   14   14   14   14
   15   15   15   15   15   16   16   16   16   17   17   17   17   18   18   18
   19   19   19   20   20   20   21   21   21
    85.0-180.0 180.0   5.0 450.0                            LAT/LON1/LON2/DLON/H
   23   24   24   24   24   24   24   24   23   23   22   22   21   20   19   18
   17   17   16   15   14   14   13   13   13   12   12   12   12   12   12   12
   12   12   12   12   12   12   12   11   11   11   11   11   11   11   12   12
   12   12   12   13   13   13   13   14   14   15   15   15   16   17   17   18
   18   19   20   20   21   22   22   23   23
    82.5-180.0 180.0   5.0 450.0                            LAT/LON1/LON2/DLON/H
   24   25   26   26   26   26   26   26   25   24   23   22   20   19   18   16
   15   14   13   12   11   10   10    9    9    9    9   10   10   10   10   11
   11   11   11   11   11   11   10   10   10   10   10   10   10   10   10   10
   10   11   11   12   12   12   12   13   13   13   14   14   14   15   15   16
   17   17   18   19   20   21   22   23   24
    80.0-180.0 180.0   5.0 450.0                            LAT/LON1/LON2/DLON/H
   23   24   25   26   27   27   27   26   25   24   23   21   19   17   15   13
   12   10    9    8    7    7    7    7    7    8    8    9    9   10   11   11
   12   12   12   12   12   11   11   11   10   10   10    9   10   10   10   11
   11   12   13   13   14   14   14   14   14   14   14   14   14   14   14   14
   15   15   16   17   18   19   21   22   23
    77.5-180.0 180.0   5.0 450.0                            LAT/LON1/LON2/DLON/H
   21   23   24   25   26   26   26   26   25   24   22   20   18   15   13   11
    9    8    7    6    6    6    6    7    8    8    9   10   11   12   13   13
   14   14   14   14   14   13   12   12   11   11   11   11   11   12   13   14
   15   16   18   19   19   20   20   20   19   18   18   17   16   15   14   14
   14   14   14   15   16   17   19   20   21
    75.0-180.0 180.0   5.0 450.0                            LAT/LON1/LON2/DLON/H
   19   20   22   23   24   25   25   25   24   23   21   19   16   14   12   10
    8    7    6    6    7    7    8    9   10   11   12   13   14   15   16   16
   17   17   17   16   16   15   14   14   13   13   13   13   14   15   17   19
   21   24   26   27   28   29   29   28   27   26   24   22   20   19   17   16
   15   14   14   15   15   16   17   18   19
    72.5-180.0 180.0   5.0 450.0                            LAT/LON1/LON2/DLON/H
   18   18   20   21   22   23   23   24   23   22   20   18   16   14   11    9
    8    8    8    8   10   11   12   14   15   16   17   17   18   18   18   18
   19   19   18   18   17   17   16   15   15   15   15   16   18   21   23   26
   30   33   35   38   39   40   40   39   37   35   32   30   27   24   22   20
   18   17   16   16   16   16   16   17   18
    70.0-180.0 180.0   5.0 450.0                            LAT/LON1/LON2/DLON/H
   17   17   18   19   20   21   22   23   23   22   21   19   17   14   12   10
   10    9   10   11   13   15   17   18   19   20   20   20   19   19   19   19
   19   18   18   18   17   17   17   16   17   18   19   21   24   27   31   35
   39   42   46   48   50   51   50   49   47   44   41   38   35   31   28   26
   23   22   20   19   18   18   17   17   17
    67.5-180.0 180.0   5.0 450.0                            LAT/LON1/LON2/DLON/H
   18   18   18   18   19   20   21   22   23   22   21   20   18   16   14   12
   11   11   12   14   16   18   20   21   22   22   21   20   19   18   17   16
   16   16   16   16   16   16   16   17   19   21   24   27   30   34   39   43
   47   51   55   58   59   60   59   58   56   53   49   46   42   39   35   32
   29   27   25   24   22   21   20   19   18
    65.0-180.0 180.0   5.0 450.0                            LAT/LON1/LON2/DLON/H
   20   19   18   18   19   20   21   22   23   23   22   21   19   17   15   13
   12   12   13   14   16   18   20   21   21   21   20   18   16   14   13   12
   12   12   12   12   13   14   16   19   22   25   29   34   38   42   47   51
   55   59   62   65   66   66   66   64   62   59   56   53   49   45   42   38
   35   33   30   29   27   25   24   22   20
    62.5-180.0 180.0   5.0 450.0                            LAT/LON1/LON2/DLON/H
   23   21   20   19   19   20   21   22   23   23   23   22   20   18   16   14
   13   12   12   12   13   15   16   17   17   17   15   13   11    9    8    7
    7    7    8    9   11   13   16   21   26   31   37   42   46   51   54   58
   61   64   67   69   70   70   69   68   66   64   61   59   55   51   48   44
   40   37   35   33   31   30   28   25   23
    60.0-180.0 180.0   5.0 450.0                            LAT/LON1/LON2/DLON/H
   27   25   23   22   21   21   22   23   23   24   23   22   20   18   16   14
   12   10    9    8    8    9   10   11   11   11   10    8    6    4    3    2
    3    3    5    7    9   13   18   24   31   39   45   51   56   59   62   64
   66   68   70   71   72   72   71   70   69   68   66   64   61   57   53   49
   45   41   39   37   35   33   31   29   27
    57.5-180.0 180.0   5.0 450.0                            LAT/LON1/LON2/DLON/H
   31   29   27   25   24   24   24   24   24   23   23   22   20   18   16   13
   10    7    5    3    2    2    3    4    5    5    5    3    2    0    0    0
    1    2    4    6   10   15   22   30   39   47   55   61   65   68   69   70
   71   72   73   74   74   74   73   72   72   71   71   69   67   63   58   53
   48   45   42   40   38   36   35   33   31
    55.0-180.0 180.0   5.0 450.0                            LAT/LON1/LON2/DLON/H
   35   33   32   30   29   28   27   26   25   24   23   21   19   17   15   12
    9    6    2    0    0    0    0    0    1    2    3    2    1    0    0    0
    2    4    6    9   14   20   28   37   47   57   65   71   75   77   77   77
   77   77   78   78   78   77   76   76   76   76   76   75   73   69   63   58
   52   48   44   42   41   39   38   36   35
    52.5-180.0 180.0   5.0 450.0                            LAT/LON1/LON2/DLON/H
   39   38   38   37   35   34   32   30   28   26   24   22   20   18   16   13
   10    6    2    0    0    0    0    0    2    4    5    5    4    3    3    4
    6    8   11   15   20   27   36   46   57   67   75   81   85   86   86   85
   84   84   84   84   84   83   81   81   81   82   82   82   79   75   69   62
   56   51   48   45   43   42   41   40   39
    50.0-180.0 180.0   5.0 450.0                            LAT/LON1/LON2/DLON/H
   43   44   44   44   43   41   39   36   33   30   27   25   22   20   18   16
   13   10    6    3    1    1    2    5    8   11   11   11   10    9    9   10
   12   15   18   22   28   36   46   57   67   77   85   90   94   95   95   94
   93   93   93   92   91   90   88   86   86   87   88   88   85   81   74   67
   61   56   52   49   47   45   44   44   43
    47.5-180.0 180.0   5.0 450.0                            LAT/LON1/LON2/DLON/H
   48   49   50   51   51   49   47   44   40   37   34   31   28   25   23   21
   19   16   14   12   11   11   13   16   19   21   22   20   19   17   17   18
   19   22   26   31   38   46   57   67   77   86   93   99  102  104  104  104
  103  103  103  102  100   97   94   92   91   91   92   92   89   85   79   72
   66   60   56   53   51   49   48   47   48
    45.0-180.0 180.0   5.0 450.0                            LAT/LON1/LON2/DLON/H
   52   53   56   57   58   57   55   53   50   47   43   40   36   33   31   29
   27   26   25   24   24   26   29   31   34   35   34   31   28   26   24   25
   27   29   33   39   47   57   68   78   87   94  100  106  109  112  113  113
  113  113  112  110  108  104   99   96   94   94   94   94   91   87   81   75
   70   65   61   58   55   53   51   51   52
    42.5-180.0 180.0   5.0 450.0                            LAT/LON1/LON2/DLON/H
   54   56   59   62   63   63   63   61   59   57   55   51   47   44   41   38
   37   37   37   38   40   43   46   48   49   48   45   41   37   33   32   32
   33   35   40   46   56   67   78   88   95  101  107  111  116  119  121  122
  122  121  120  117  113  108  103   98   96   95   94   93   91   88   83   78
   74   70   66   62   59   56   54   54   54
    40.0-180.0 180.0   5.0 450.0                            LAT/LON1/LON2/DLON/H
   55   57   60   63   66   67   68   68   68   68   66   64   60   56   52   49
   48   48   49   52   56   59   61   63   62   59   55   50   44   40   38   37
   38   40   45   53   63   76   87   97  103  108  112  116  121  126  129  130
  129  128  126  122  118  112  105  100   97   95   94   93   91   88   84   80
   77   74   70   66   62   59   56   55   55
    37.5-180.0 180.0   5.0 450.0                            LAT/LON1/LON2/DLON/H
   55   56   59   62   65   67   69   71   74   76   76   75   72   68   63   60
   58   58   60   64   68   72   74   74   71   67   62   55   50   45   43   42
   42   44   49   58   69   83   95  105  110  113  117  121  126  131  134  135
  134  132  129  126  121  115  109  104  100   98   97   95   93   90   87   84
   81   78   74   69   65   61   57   55   55
    35.0-180.0 180.0   5.0 450.0                            LAT/LON1/LON2/DLON/H
   54   54   56   59   62   65   68   71   75   80   82   83   81   77   73   69
   67   66   69   73   77   81   81   80   76   71   65   59   54   49   47   46
   46   48   52   61   74   89  102  111  116  119  121  126  131  136  139  139
  138  136  133  130  126  121  116  112  108  106  104  102  100   97   94   91
   88   84   79   73   67   62   58   56   54
    32.5-180.0 180.0   5.0 450.0                            LAT/LON1/LON2/DLON/H
   54   53   54   56   58   61   64   68   73   79   84   86   86   84   80   76
   73   73   74   78   82   85   84   82   77   72   66   61   56   53   51   50
   50   51   55   64   78   93  107  116  121  124  126  131  136  141  143  144
  142  141  139  137  135  133  130  127  124  122  120  117  114  110  106  103
   99   93   87   79   72   66   61   57   54
    30.0-180.0 180.0   5.0 450.0                            LAT/LON1/LON2/DLON/H
   56   54   54   55   56   58   60   64   69   75   81   85   87   86   84   81
   78   76   77   80   83   85   83   80   75   70   66   61   58   56   55   54
   53   54   58   67   80   96  110  119  125  128  132  137  142  147  149  149
  149  148  149  150  150  150  150  149  148  146  144  140  135  130  125  120
  114  107   99   89   80   72   66   60   56
    27.5-180.0 180.0   5.0 450.0                            LAT/LON1/LON2/DLON/H
   62   58   57   57   58   58   58   60   64   70   75   80   83   84   84   82
   79   78   78   80   82   83   80   76   72   68   64   61   59   58   57   56
   55   56   59   68   82   97  111  122  129  134  139  145  150  154  156  157
  158  160  164  168  171  174  177  178  178  176  174  169  163  156  149  142
  135  126  116  104   93   84   75   68   62
    25.0-180.0 180.0   5.0 450.0                            LAT/LON1/LON2/DLON/H
   72   67   65   64   64   62   61   60   61   65   69   74   77   80   81   80
   79   77   77   79   80   79   77   73   69   65   62   60   59   58   57   57
   56   56   60   69   82   98  112  123  132  139  146  154  160  164  167  169
  172  177  184  190  197  202  206  209  210  209  206  201  193  185  177  168
  160  149  138  125  112  100   89   80   72
    22.5-180.0 180.0   5.0 450.0                            LAT/LON1/LON2/DLON/H
   86   80   77   75   74   71   68   64   62   63   65   68   71   74   76   77
   77   76   76   77   77   76   73   69   66   63   60   58   56   56   55   55
   54   55   60   69   83   98  112  124  135  145  155  165  172  176  180  184
  189  197  206  215  223  230  236  239  241  240  236  230  223  214  204  195
  186  175  163  149  135  121  107   95   86
    20.0-180.0 180.0   5.0 450.0                            LAT/LON1/LON2/DLON/H
  102   94   91   89   87   84   78   72   67   65   64   64   66   69   72   74
   75   75   75   75   75   73   71   67   64   60   57   54   52   52   51   50
   50   52   58   69   83   98  112  126  139  152  165  176  185  190  195  200
  208  218  228  238  246  254  260  264  265  263  260  254  247  238  229  220
  210  200  189  175  160  144  128  113  102
    17.5-180.0 180.0   5.0 450.0                            LAT/LON1/LON2/DLON/H
  118  109  105  103  101   97   91   83   76   70   67   65   65   66   69   71
   73   73   74   74   73   72   69   66   62   58   53   50   47   46   45   44
   45   48   56   69   83   98  113  127  143  159  175  188  198  205  210  217
  227  237  247  256  263  270  276  279  280  278  274  270  263  256  248  240
  232  223  213  201  185  168  149  132  118
    15.0-180.0 180.0   5.0 450.0                            LAT/LON1/LON2/DLON/H
  133  122  116  114  111  108  101   94   86   79   74   70   68   67   69   70
   72   73   73   73   72   71   68   65   60   55   49   44   41   39   38   38
   39   45   55   69   84   99  114  130  147  166  184  199  210  218  225  233
  242  252  261  267  273  278  283  286  286  284  280  277  273  267  261  255
  249  242  234  223  208  190  169  149  133
    12.5-180.0 180.0   5.0 450.0                            LAT/LON1/LON2/DLON/H
  145  132  124  120  117  114  108  101   94   88   82   77   73   71   71   71
   72   73   73   72   71   70   67   63   58   52   45   40   36   34   33   33
   35   42   54   70   86  101  116  133  151  171  191  208  220  228  236  244
  253  262  268  272  275  280  284  286  285  283  280  279  277  274  270  266
  261  256  250  240  226  208  186  164  145
    10.0-180.0 180.0   5.0 450.0                            LAT/LON1/LON2/DLON/H
  154  138  128  121  117  114  109  104   99   94   89   85   80   77   75   74
   74   73   73   72   70   68   66   62   56   49   43   37   34   32   30   30
   33   41   55   72   88  104  119  135  154  175  195  213  225  235  242  251
  259  265  269  271  273  277  281  283  283  280  279  279  279  279  277  275
  271  267  261  253  240  222  199  175  154
     7.5-180.0 180.0   5.0 450.0                            LAT/LON1/LON2/DLON/H
  161  142  128  119  113  109  105  101   99   96   94   91   86   82   79   77
   75   74   72   71   69   67   64   60   54   47   41   37   34   33   31   30
   33   43   57   75   91  106  121  137  156  176  196  213  227  236  244  252
  260  264  266  267  269  274  279  282  282  281  280  281  283  285  285  283
  280  275  270  262  250  232  209  184  161
     5.0-180.0 180.0   5.0 450.0                            LAT/LON1/LON2/DLON/H
  167  146  129  116  107  101   97   95   94   94   94   93   90   86   82   79
   76   74   71   69   67   65   62   58   53   47   42   39   38   37   34   33
   37   46   61   79   95  109  123  139  156  176  194  210  223  234  242  250
  257  261  262  263  267  274  282  287  288  287  287  289  292  295  295  293
  289  283  277  269  257  240  217  192  167
     2.5-180.0 180.0   5.0 450.0                            LAT/LON1/LON2/DLON/H
  175  152  132  116  103   95   90   87   88   90   92   92   90   87   83   79
   75   72   69   67   65   63   61   57   52   48   45   44   44   42   40   38
   41   51   66   83   98  111  124  139  156  173  190  205  218  228  238  246
  253  257  260  262  269  279  289  297  299  300  300  303  306  308  308  305
  299  292  284  275  264  247  225  200  175
