IONEX/c1pg3560.16i
     1.0            IONOSPHERE MAPS     GNSS                IONEX VERSION / TYPE
IONINX V5.3         AIUB                21-DEC-16 08:04     PGM / RUN BY / DATE 
CODE'S 1-DAY PREDICTED IONOSPHERE MAPS FOR DAY 356, 2016    COMMENT             
Global ionosphere maps (GIM) are generated on a daily basis DESCRIPTION         
at CODE using data from about 120 GNSS sites of the IGS and DESCRIPTION         
other institutions. The vertical total electron content     DESCRIPTION         
(VTEC) is modeled in a solar-geomagnetic reference frame    DESCRIPTION         
using a spherical harmonics expansion up to degree and      DESCRIPTION         
order 15. Piece-wise linear functions are used for          DESCRIPTION         
representation in the time domain. The time spacing of      DESCRIPTION         
their vertices is 1 hour, conforming with the epochs of the DESCRIPTION         
VTEC maps.                                                  DESCRIPTION         
To convert line-of-sight TEC into vertical TEC, a modified  DESCRIPTION         
single-layer model mapping function approximating the JPL   DESCRIPTION         
extended slab model mapping function is adopted. The        DESCRIPTION         
mapping function is evaluated at geodetic satellite         DESCRIPTION         
elevation angles. For the computation of the ionospheric    DESCRIPTION         
pierce points, a spherical layer with a radius of 6821 km   DESCRIPTION         
is assumed, implying geocentric, not geodetic IONEX         DESCRIPTION         
latitudes.                                                  DESCRIPTION         
Instrumental biases with respect to each involved GNSS code DESCRIPTION         
observable are estimated as constant values for each        DESCRIPTION         
day. They are modeled with one set of bias parameters for   DESCRIPTION         
each satellite and each station in case of GPS and for each DESCRIPTION         
satellite-station link in case of GLONASS. The code bias    DESCRIPTION         
datum is defined by zero-mean conditions imposed on the     DESCRIPTION         
satellite bias estimates. In this file, just GPS C1W-C2W    DESCRIPTION         
satellite and station bias values are included. The         DESCRIPTION         
complete set of GNSS code bias results is provided in an    DESCRIPTION         
additional Bias-SINEX file as pseudo-absolute values        DESCRIPTION         
specific to each observable.                                DESCRIPTION         
Contact address: code(at)aiub.unibe.ch                      DESCRIPTION         
Data archive:    ftp.unibe.ch/aiub/CODE/                    DESCRIPTION         
                 www.aiub.unibe.ch/download/CODE/           DESCRIPTION         
  2016    12    21     0     0     0                        EPOCH OF FIRST MAP  
  2016    12    22     0     0     0                        EPOCH OF LAST MAP   
  3600                                                      INTERVAL            
    25                                                      # OF MAPS IN FILE   
  NONE                                                      MAPPING FUNCTION    
    10.0                                                    ELEVATION CUTOFF    
One-way carrier phase leveled to code                       OBSERVABLES USED    
  6371.0                                                    BASE RADIUS         
     2                                                      MAP DIMENSION       
   450.0 450.0   0.0                                        HGT1 / HGT2 / DHGT  
    87.5 -87.5  -2.5                                        LAT1 / LAT2 / DLAT  
  -180.0 180.0   5.0                                        LON1 / LON2 / DLON  
    -1                                                      EXPONENT            
TEC/RMS values in 0.1 TECU; 9999, if no value available     COMMENT             
                                                            END OF HEADER       
[from data line 8580]
    21                                                      START OF TEC MAP    
  2016    12    21    20     0     0                        EPOCH OF CURRENT MAP
    87.5-180.0 180.0   5.0 450.0                            LAT/LON1/LON2/DLON/H
   23   23   23   23   23   23   23   23   22   22   22   21   21   21   20   20
   19   19   19   18   18   17   17   17   16   16   16   16   15   15   15   15
   15   15   15   15   16   16   16   16   16   17   17   17   18   18   18   18
   19   19   19   20   20   20   21   21   21   21   22   22   22   22   22   23
   23   23   23   23   23   23   23   23   23
    85.0-180.0 180.0   5.0 450.0                            LAT/LON1/LON2/DLON/H
   26   26   26   26   26   26   26   26   25   25   25   24   24   23   22   21
   20   19   18   17   16   15   14   14   13   12   12   12   11   11   11   11
   12   12   12   13   13   14   14   14   15   15   16   16   17   17   18   18
   19   19   20   20   21   21   22   22   22   23   23   23   24   24   24   24
   25   25   25   25   25   25   25   26   26
    82.5-180.0 180.0   5.0 450.0                            LAT/LON1/LON2/DLON/H
   26   26   27   27   27   28   28   28   28   28   28   27   27   26   25   23
   22   20   19   17   15   14   12   11   10    9    9    8    8    8    9    9
   10   10   11   12   13   13   14   15   15   16   16   17   17   18   18   19
   19   20   20   21   21   22   22   23   23   24   24   24   24   24   24   24
   24   24   25   25   25   25   25   25   26
    80.0-180.0 180.0   5.0 450.0                            LAT/LON1/LON2/DLON/H
   23   24   25   26   27   28   29   30   31   31   31   31   30   30   28   27
   25   23   21   18   16   14   12   10    9    7    7    6    6    7    7    8
    9   11   12   13   14   15   16   17   17   18   18   18   18   19   19   19
   20   20   21   21   22   23   23   23   24   24   24   24   24   24   23   23
   23   23   22   22   22   22   22   23   23
    77.5-180.0 180.0   5.0 450.0                            LAT/LON1/LON2/DLON/H
   19   20   21   23   25   27   29   30   32   34   35   35   35   34   33   32
   29   27   24   22   19   16   13   11    9    7    6    6    6    6    8    9
   11   12   14   16   17   18   19   19   19   19   19   19   19   19   19   20
   20   21   21   22   23   23   23   24   24   23   23   23   23   22   22   21
   20   20   19   19   18   18   18   18   19
    75.0-180.0 180.0   5.0 450.0                            LAT/LON1/LON2/DLON/H
   15   16   17   19   22   25   28   31   33   36   38   39   40   40   39   38
   35   33   30   27   24   20   17   14   12   10    8    7    7    7    8   10
   12   14   16   18   19   20   21   21   21   20   20   19   19   19   19   19
   20   20   21   22   23   23   23   23   23   22   22   21   21   20   20   19
   18   17   16   15   15   14   14   14   15
    72.5-180.0 180.0   5.0 450.0                            LAT/LON1/LON2/DLON/H
   11   12   14   17   20   23   27   31   35   39   42   44   45   46   46   44
   43   40   37   34   30   27   23   20   16   13   11    9    8    8    9   10
   12   14   16   18   19   20   20   20   20   19   18   17   17   17   17   18
   19   20   21   21   22   22   22   22   21   21   20   19   19   18   18   17
   16   15   14   13   12   11   11   11   11
    70.0-180.0 180.0   5.0 450.0                            LAT/LON1/LON2/DLON/H
   10   12   13   16   19   23   28   32   37   41   46   49   51   52   53   52
   50   48   45   42   38   35   31   26   22   18   14   12    9    8    8    9
   10   12   14   15   16   17   17   17   16   16   15   14   14   14   15   16
   17   18   19   20   21   21   20   19   19   18   17   17   17   17   16   16
   15   15   13   12   11   10   10   10   10
    67.5-180.0 180.0   5.0 450.0                            LAT/LON1/LON2/DLON/H
   12   14   16   18   21   25   30   35   40   45   50   54   57   59   60   59
   58   56   53   50   47   43   38   33   28   23   18   14   11    9    7    7
    7    8    9   10   11   11   12   12   12   11   11   11   11   12   13   14
   16   17   18   19   19   18   18   17   16   15   15   15   15   15   16   16
   16   15   14   13   12   12   11   11   12
    65.0-180.0 180.0   5.0 450.0                            LAT/LON1/LON2/DLON/H
   17   19   21   23   26   30   34   38   43   49   54   58   62   65   66   66
   65   64   61   58   54   50   45   40   34   28   22   17   12    9    6    5
    4    4    4    4    5    5    5    6    7    7    8    9   10   11   12   13
   14   16   17   17   17   16   15   14   13   12   12   13   14   15   16   17
   17   17   17   16   15   15   15   15   17
    62.5-180.0 180.0   5.0 450.0                            LAT/LON1/LON2/DLON/H
   23   26   28   31   34   36   40   43   48   53   58   62   66   69   71   72
   72   70   68   65   61   56   51   45   39   32   26   20   15   10    7    4
    2    1    0    0    0    0    0    2    4    6    8    9   11   12   13   14
   15   15   16   16   16   15   13   12   11   11   12   13   14   16   18   19
   19   20   19   19   18   19   19   21   23
    60.0-180.0 180.0   5.0 450.0                            LAT/LON1/LON2/DLON/H
   30   34   38   41   43   45   47   50   53   57   61   66   70   73   76   77
   77   76   73   70   66   61   55   49   43   36   30   23   18   13    9    6
    3    1    0    0    0    0    0    1    4    8   11   13   15   16   16   16
   17   17   17   17   16   15   14   13   12   12   13   15   17   19   20   21
   22   22   22   22   22   22   24   27   30
    57.5-180.0 180.0   5.0 450.0                            LAT/LON1/LON2/DLON/H
   37   43   47   51   54   56   57   58   60   62   65   69   73   76   79   81
   81   80   78   74   69   64   59   53   47   40   34   28   23   18   15   11
    8    5    2    0    0    0    2    5    9   13   17   20   22   22   22   21
   21   20   20   20   19   18   17   16   16   17   18   19   21   23   24   25
   25   25   25   24   25   26   28   32   37
    55.0-180.0 180.0   5.0 450.0                            LAT/LON1/LON2/DLON/H
   44   51   57   62   66   67   68   68   68   69   71   73   75   78   81   83
   84   83   81   77   72   67   62   56   51   45   39   33   29   25   22   19
   15   12    9    8    7    8   10   14   18   23   27   30   31   31   30   28
   27   26   26   25   25   24   23   23   23   24   25   26   27   28   29   29
   29   28   28   27   27   29   32   37   44
    52.5-180.0 180.0   5.0 450.0                            LAT/LON1/LON2/DLON/H
   49   57   65   72   77   79   80   80   79   78   77   77   79   81   83   86
   87   86   84   80   75   71   66   61   56   50   45   40   36   33   30   27
   25   22   20   18   18   20   22   25   30   34   38   41   42   41   39   37
   35   34   33   33   33   33   32   32   32   33   34   34   34   34   34   34
   33   32   31   30   30   32   36   42   49
    50.0-180.0 180.0   5.0 450.0                            LAT/LON1/LON2/DLON/H
   54   63   72   80   87   91   92   92   90   88   86   84   84   84   86   88
   89   88   86   83   79   75   71   68   63   58   52   47   43   40   38   36
   34   32   31   31   32   33   35   38   41   45   49   51   51   50   48   45
   43   43   42   42   43   42   42   42   42   43   43   43   42   41   40   38
   37   36   35   34   34   36   40   46   54
    47.5-180.0 180.0   5.0 450.0                            LAT/LON1/LON2/DLON/H
   58   67   77   87   95  100  104  104  103  100   97   93   90   89   89   90
   91   90   88   86   83   81   79   76   72   66   60   54   49   46   44   42
   41   41   41   43   45   46   48   50   52   55   57   59   59   58   56   53
   52   52   52   52   52   52   52   52   52   52   51   50   49   47   45   43
   42   41   40   39   39   41   44   50   58
    45.0-180.0 180.0   5.0 450.0                            LAT/LON1/LON2/DLON/H
   62   71   81   91  100  108  113  115  115  112  108  103   99   96   95   94
   94   93   91   89   88   88   88   86   82   76   68   60   54   50   47   46
   46   47   49   52   55   58   59   59   60   61   63   65   65   64   62   61
   60   60   60   60   60   60   60   59   59   58   57   56   53   51   48   47
   46   45   44   44   44   46   50   55   62
    42.5-180.0 180.0   5.0 450.0                            LAT/LON1/LON2/DLON/H
   66   74   83   92  102  111  118  122  124  123  119  114  109  105  102   99
   98   96   94   93   94   96   97   97   93   86   76   66   58   52   49   48
   48   50   54   59   64   66   67   66   65   66   67   68   69   68   67   66
   66   66   66   66   66   65   64   63   63   62   60   59   56   53   51   49
   49   48   48   48   50   52   56   61   66
    40.0-180.0 180.0   5.0 450.0                            LAT/LON1/LON2/DLON/H
   72   77   84   93  102  112  120  125  129  130  128  124  120  115  110  106
  102  100   98   98  100  103  107  107  103   95   83   71   61   54   50   49
   50   53   58   64   70   72   72   70   69   69   70   71   72   72   71   71
   71   71   70   69   68   67   66   65   63   62   61   59   56   54   52   51
   50   50   50   52   54   58   62   67   72
    37.5-180.0 180.0   5.0 450.0                            LAT/LON1/LON2/DLON/H
   77   81   86   93  101  110  118  124  129  132  133  132  128  124  119  113
  108  105  102  103  106  110  114  115  111  102   90   77   65   57   53   52
   53   57   63   69   75   77   77   74   72   72   73   74   75   75   74   74
   74   73   71   69   67   66   65   63   62   60   59   57   55   53   52   51
   51   51   51   53   57   62   68   73   77
    35.0-180.0 180.0   5.0 450.0                            LAT/LON1/LON2/DLON/H
   84   86   89   94  100  107  114  120  126  130  133  135  134  131  127  121
  115  110  108  109  112  116  120  121  117  108   96   83   71   63   59   58
   59   63   69   76   81   83   81   79   77   77   78   79   78   78   77   76
   75   74   71   67   65   63   62   61   59   57   56   54   53   51   51   50
   50   50   50   53   58   66   74   80   84
    32.5-180.0 180.0   5.0 450.0                            LAT/LON1/LON2/DLON/H
   91   93   95   98  102  106  111  115  120  125  130  135  137  136  133  128
  122  117  114  115  117  121  123  123  119  112  101   90   80   73   69   69
   70   74   79   84   88   89   87   85   83   83   84   84   82   81   79   78
   76   73   69   65   62   61   60   58   56   54   53   51   50   49   49   49
   49   48   48   51   58   68   79   87   91
    30.0-180.0 180.0   5.0 450.0                            LAT/LON1/LON2/DLON/H
   99  102  103  105  108  110  112  113  116  120  126  132  137  139  137  133
  128  124  121  121  122  124  124  123  120  115  107   99   91   86   84   83
   85   88   92   95   97   96   94   92   91   91   91   89   86   83   80   78
   76   72   68   63   60   59   58   57   54   52   50   49   48   47   48   48
   48   47   47   50   58   70   83   93   99
    27.5-180.0 180.0   5.0 450.0                            LAT/LON1/LON2/DLON/H
  107  112  114  117  118  119  118  117  116  118  122  129  135  139  140  137
  133  130  128  128  127  126  124  123  121  119  115  110  105  102  100  100
  102  104  106  107  106  104  101   99   98   98   96   93   88   83   80   78
   75   72   67   62   60   59   58   56   54   51   48   47   46   46   46   47
   47   46   46   49   58   72   87   99  107
    25.0-180.0 180.0   5.0 450.0                            LAT/LON1/LON2/DLON/H
  115  122  127  131  134  134  131  127  124  122  124  129  135  139  141  141
  139  137  135  134  132  128  125  123  123  124  125  123  121  119  117  117
  118  119  119  118  115  110  107  104  103  102   99   94   87   81   77   76
   74   71   67   63   60   60   59   57   53   50   47   45   44   44   45   47
   47   46   46   50   60   75   91  105  115
    22.5-180.0 180.0   5.0 450.0                            LAT/LON1/LON2/DLON/H
  122  131  140  147  152  153  150  145  139  134  132  134  138  142  144  145
  144  143  143  141  137  132  127  126  128  132  136  138  137  134  133  132
  132  131  129  125  120  114  109  106  105  103   98   91   83   76   73   72
   72   70   67   63   62   61   60   57   53   49   46   44   43   43   44   46
   47   47   48   53   63   79   95  110  122
    20.0-180.0 180.0   5.0 450.0                            LAT/LON1/LON2/DLON/H
  128  140  152  162  170  174  173  168  161  154  148  146  147  149  151  151
  151  151  151  149  144  138  133  132  137  144  151  153  152  148  145  143
  141  138  134  128  121  114  109  105  103   99   93   84   75   69   67   68
   69   68   66   64   62   61   59   56   52   48   45   43   42   42   43   46
   47   48   50   57   68   83  100  115  128
    17.5-180.0 180.0   5.0 450.0                            LAT/LON1/LON2/DLON/H
  132  147  161  175  186  193  196  194  188  179  171  165  162  162  161  161
  161  162  161  158  153  147  143  144  151  160  167  169  166  160  154  149
  145  140  135  128  119  111  105  102   98   93   85   76   67   62   61   63
   65   66   65   63   62   60   58   54   50   46   44   42   41   41   43   45
   47   49   53   61   73   88  104  119  132
    15.0-180.0 180.0   5.0 450.0                            LAT/LON1/LON2/DLON/H
  136  151  168  184  198  209  216  217  214  206  197  188  183  180  178  176
  175  175  174  171  165  160  158  161  169  178  183  183  178  170  161  153
  146  139  132  124  115  108  101   97   92   86   77   67   59   55   55   58
   61   63   63   62   60   58   55   52   48   45   43   42   41   41   42   44
   47   50   55   64   78   93  108  122  136
    12.5-180.0 180.0   5.0 450.0                            LAT/LON1/LON2/DLON/H
  139  155  172  190  206  219  230  236  236  231  222  214  207  202  198  195
  194  192  190  186  180  176  176  181  189  197  200  197  189  178  167  155
  145  137  128  120  112  105   99   94   88   80   71   62   55   52   53   55
   58   60   61   60   58   56   53   50   47   45   44   43   42   42   43   44
   46   49   56   67   82   98  112  125  139
    10.0-180.0 180.0   5.0 450.0                            LAT/LON1/LON2/DLON/H
  142  158  175  193  209  224  237  247  252  250  244  237  231  226  221  217
  214  212  208  203  199  196  197  203  210  215  215  210  200  187  174  160
  147  136  127  119  111  105   99   94   88   79   70   61   56   54   54   56
   58   59   60   59   57   54   51   49   48   47   46   46   45   44   44   44
   45   48   56   69   85  102  116  129  142
     7.5-180.0 180.0   5.0 450.0                            LAT/LON1/LON2/DLON/H
  147  162  179  194  210  225  239  252  260  262  260  256  252  248  244  240
  236  232  228  223  218  217  219  225  230  231  228  220  210  197  183  167
  152  139  129  121  115  110  104   99   92   83   74   67   63   61   61   61
   61   61   61   60   58   55   52   51   51   51   51   50   49   48   47   46
   45   48   56   70   88  106  120  133  147
     5.0-180.0 180.0   5.0 450.0                            LAT/LON1/LON2/DLON/H
  152  167  183  197  211  224  239  252  262  267  269  269  268  266  264  260
  256  252  247  242  238  237  240  244  246  244  238  229  219  208  195  178
  161  146  135  128  123  119  114  108  101   93   85   79   75   74   72   70
   68   67   66   64   61   58   56   56   56   57   56   55   54   53   51   48
   47   49   57   72   91  109  125  138  152
     2.5-180.0 180.0   5.0 450.0                            LAT/LON1/LON2/DLON/H
  159  174  189  202  214  226  239  251  260  267  272  275  278  279  278  276
  273  269  264  259  256  255  257  259  258  254  246  237  229  220  208  192
  173  157  146  139  135  131  126  120  113  106   99   94   92   90   87   82
   78   76   74   71   68   64   62   62   63   63   62   61   59   58   55   52
   50   52   61   76   95  114  130  144  159
