IONEX/c2pg3580.16i
     1.0            IONOSPHERE MAPS     GNSS                IONEX VERSION / TYPE
IONINX V5.3         AIUB                22-DEC-16 08:09     PGM / RUN BY / DATE 
CODE'S 2-DAY PREDICTED IONOSPHERE MAPS FOR DAY 358, 2016    COMMENT             
Global ionosphere maps (GIM) are generated on a daily basis DESCRIPTION         
at CODE using data from about 120 GNSS sites of the IGS and DESCRIPTION         
other institutions. The vertical total electron content     DESCRIPTION         
(VTEC) is modeled in a solar-geomagnetic reference frame    DESCRIPTION         
using a spherical harmonics expansion up to degree and      DESCRIPTION         
order 15. Piece-wise linear functions are used for          DESCRIPTION         
representation in the time domain. The time spacing of      DESCRIPTION         
their vertices is 1 hour, conforming with the epochs of the DESCRIPTION         
VTEC maps.                                                  DESCRIPTION         
To convert line-of-sight TEC into vertical TEC, a modified  DESCRIPTION         
single-layer model mapping function approximating the JPL   DESCRIPTION         
extended slab model mapping function is adopted. The        DESCRIPTION         
mapping function is evaluated at geodetic satellite         DESCRIPTION         
elevation angles. For the computation of the ionospheric    DESCRIPTION         
pierce points, a spherical layer with a radius of 6821 km   DESCRIPTION         
is assumed, implying geocentric, not geodetic IONEX         DESCRIPTION         
latitudes.                                                  DESCRIPTION         
Instrumental biases with respect to each involved GNSS code DESCRIPTION         
observable are estimated as constant values for each        DESCRIPTION         
day. They are modeled with one set of bias parameters for   DESCRIPTION         
each satellite and each station in case of GPS and for each DESCRIPTION         
satellite-station link in case of GLONASS. The code bias    DESCRIPTION         
datum is defined by zero-mean conditions imposed on the     DESCRIPTION         
satellite bias estimates. In this file, just GPS C1W-C2W    DESCRIPTION         
satellite and station bias values are included. The         DESCRIPTION         
complete set of GNSS code bias results is provided in an    DESCRIPTION         
additional Bias-SINEX file as pseudo-absolute values        DESCRIPTION         
specific to each observable.                                DESCRIPTION         
Contact address: code(at)aiub.unibe.ch                      DESCRIPTION         
Data archive:    ftp.unibe.ch/aiub/CODE/                    DESCRIPTION         
                 www.aiub.unibe.ch/download/CODE/           DESCRIPTION         
  2016    12    23     0     0     0                        EPOCH OF FIRST MAP  
  2016    12    24     0     0     0                        EPOCH OF LAST MAP   
  3600                                                      INTERVAL            
    25                                                      # OF MAPS IN FILE   
  NONE                                                      MAPPING FUNCTION    
    10.0                                                    ELEVATION CUTOFF    
One-way carrier phase leveled to code                       OBSERVABLES USED    
  6371.0                                                    BASE RADIUS         
     2                                                      MAP DIMENSION       
   450.0 450.0   0.0                                        HGT1 / HGT2 / DHGT  
    87.5 -87.5  -2.5                                        LAT1 / LAT2 / DLAT  
  -180.0 180.0   5.0                                        LON1 / LON2 / DLON  
    -1                                                      EXPONENT            
TEC/RMS values in 0.1 TECU; 9999, if no value available     COMMENT             
                                                            END OF HEADER       
[from data line 429]
     2                                                      START OF TEC MAP    
  2016    12    23     1     0     0                        EPOCH OF CURRENT MAP
    87.5-180.0 180.0   5.0 450.0                            LAT/LON1/LON2/DLON/H
   25   25   25   25   25   24   24   24   24   23   23   22   22   21   21   20
   20   19   18   18   17   17   16   16   16   15   15   15   14   14   14   14
   14   14   14   14   14   15   15   15   15   15   16   16   16   17   17   17
   17   18   18   18   19   19   19   20   20   21   21   21   22   22   23   23
   23   24   24   24   24   25   25   25   25
    85.0-180.0 180.0   5.0 450.0                            LAT/LON1/LON2/DLON/H
   29   30   30   30   29   29   29   28   28   27   26   25   24   23   22   21
   19   18   17   16   15   13   12   12   11   10   10    9    9    9    9    9
   10   10   10   11   11   12   12   12   13   13   14   14   14   15   15   15
   16   16   16   17   17   18   18   19   19   20   21   21   22   23   24   24
   25   26   27   27   28   28   29   29   29
    82.5-180.0 180.0   5.0 450.0                            LAT/LON1/LON2/DLON/H
   33   33   34   34   33   33   33   32   31   30   29   28   26   25   23   21
   19   18   16   14   12   10    9    8    7    6    5    5    5    5    6    6
    7    8    9   10   11   11   12   13   13   13   14   14   14   14   14   14
   14   14   14   15   15   15   16   16   17   18   19   20   21   22   23   24
   25   27   28   29   30   31   32   32   33
    80.0-180.0 180.0   5.0 450.0                            LAT/LON1/LON2/DLON/H
   36   36   36   36   36   36   35   35   34   32   31   30   28   26   24   22
   20   18   15   13   11    9    7    5    4    3    3    3    3    4    5    6
    7    9   10   12   13   14   14   15   15   15   15   15   14   14   14   13
   13   13   13   13   13   13   13   14   15   15   16   18   19   20   22   23
   25   27   28   30   31   33   34   35   36
    77.5-180.0 180.0   5.0 450.0                            LAT/LON1/LON2/DLON/H
   38   39   39   39   38   38   37   36   35   34   33   31   30   28   26   24
   21   19   16   14   11    9    7    5    3    3    2    2    3    4    6    8
   10   12   14   16   17   18   18   19   18   18   17   16   15   14   13   13
   12   12   11   11   11   11   12   12   13   14   15   16   18   19   21   23
   25   27   29   31   33   35   36   37   38
    75.0-180.0 180.0   5.0 450.0                            LAT/LON1/LON2/DLON/H
   41   42   42   41   41   40   39   38   37   35   34   33   31   29   27   25
   23   21   18   16   13   11    8    7    5    4    4    5    6    7    9   12
   14   17   19   20   22   22   22   22   21   20   18   17   16   14   13   12
   11   11   10   10   10   11   11   12   12   14   15   17   18   20   23   25
   27   30   32   34   36   38   40   41   41
    72.5-180.0 180.0   5.0 450.0                            LAT/LON1/LON2/DLON/H
   46   46   46   45   44   42   41   40   38   37   35   34   32   30   28   27
   25   23   20   18   16   14   12   10    8    8    8    8   10   11   14   16
   18   21   23   24   25   25   24   24   22   20   19   17   15   14   12   11
   11   10   10   10   11   11   12   13   14   16   17   19   22   24   26   29
   32   34   37   39   41   43   45   46   46
    70.0-180.0 180.0   5.0 450.0                            LAT/LON1/LON2/DLON/H
   52   52   51   49   48   46   44   42   40   39   37   35   33   31   29   27
   25   24   22   20   19   17   15   13   12   12   12   12   14   15   17   19
   21   23   24   25   25   25   24   23   21   19   17   15   14   13   12   11
   11   11   11   11   12   13   14   16   17   20   22   25   27   30   33   36
   39   41   44   46   48   50   51   52   52
    67.5-180.0 180.0   5.0 450.0                            LAT/LON1/LON2/DLON/H
   59   58   57   55   52   50   47   45   43   41   39   36   34   31   29   27
   26   24   23   22   20   19   18   16   16   15   15   16   17   18   19   20
   21   22   22   22   22   22   21   19   18   16   15   14   13   12   11   11
   11   11   12   13   14   15   17   19   22   25   28   32   35   39   42   45
   48   50   53   55   57   58   59   60   59
    65.0-180.0 180.0   5.0 450.0                            LAT/LON1/LON2/DLON/H
   67   65   63   60   57   54   51   49   46   44   41   38   35   31   29   26
   25   24   23   22   21   20   19   18   17   17   18   18   19   19   19   19
   19   19   18   17   17   16   16   15   15   14   13   12   12   12   12   12
   12   13   13   14   16   18   20   24   27   31   36   40   44   49   52   56
   58   61   63   64   66   67   68   68   67
    62.5-180.0 180.0   5.0 450.0                            LAT/LON1/LON2/DLON/H
   74   72   69   66   62   58   55   52   49   46   43   39   35   31   28   25
   24   23   22   21   20   19   18   18   17   18   18   19   19   19   19   17
   16   14   13   12   12   12   12   12   12   12   13   13   13   13   14   14
   14   14   15   16   18   20   23   27   32   37   43   48   54   59   63   66
   69   71   73   74   75   76   76   76   74
    60.0-180.0 180.0   5.0 450.0                            LAT/LON1/LON2/DLON/H
   82   79   76   71   66   62   58   55   52   49   45   41   36   31   28   25
   23   22   21   20   18   17   16   16   16   17   18   19   20   19   18   16
   14   11   10    9    9    9   10   11   13   14   15   16   16   17   17   17
   17   17   17   18   20   23   27   31   37   43   50   56   62   68   73   77
   79   81   83   83   84   84   84   83   82
    57.5-180.0 180.0   5.0 450.0                            LAT/LON1/LON2/DLON/H
   89   87   83   77   71   66   62   58   55   52   47   42   37   32   28   25
   23   22   20   19   17   15   13   13   14   16   18   20   20   20   19   17
   14   11   10    9    9   11   12   14   16   18   20   21   21   22   22   21
   21   20   20   21   23   26   30   36   42   49   56   63   70   76   81   85
   89   91   92   92   92   92   92   91   89
    55.0-180.0 180.0   5.0 450.0                            LAT/LON1/LON2/DLON/H
   97   94   90   84   78   72   67   62   59   55   50   44   38   33   29   26
   24   23   21   19   16   13   11   11   13   15   18   21   23   23   22   20
   17   15   14   14   15   17   19   21   23   25   26   27   28   28   27   26
   25   25   24   25   27   30   35   41   48   55   63   70   77   83   89   93
   97   99  100  100  100  100   99   99   97
    52.5-180.0 180.0   5.0 450.0                            LAT/LON1/LON2/DLON/H
  105  103   99   93   86   79   73   68   64   59   53   47   41   35   31   29
   27   26   24   20   17   13   11   11   13   16   20   24   26   27   27   25
   24   23   23   23   25   26   28   30   32   33   34   34   34   34   33   32
   31   30   30   30   32   36   41   47   54   62   69   77   83   89   95  100
  103  106  108  108  107  107  106  106  105
    50.0-180.0 180.0   5.0 450.0                            LAT/LON1/LON2/DLON/H
  112  110  107  102   95   88   82   76   70   65   58   51   44   39   35   33
   32   30   28   24   20   16   14   14   17   20   25   29   31   33   33   32
   32   32   33   35   36   38   39   40   40   41   41   41   40   39   38   37
   37   36   36   37   40   43   49   55   62   70   77   84   90   95  100  105
  109  112  114  115  114  113  113  112  112
    47.5-180.0 180.0   5.0 450.0                            LAT/LON1/LON2/DLON/H
  117  116  114  110  105   98   92   85   79   72   65   57   49   44   40   38
   37   35   33   29   25   22   20   21   24   28   32   35   38   39   39   40
   40   42   44   46   48   49   49   48   48   47   47   46   45   44   43   43
   43   43   44   45   48   52   58   64   71   78   85   91   97  101  106  110
  114  117  120  120  119  118  117  117  117
    45.0-180.0 180.0   5.0 450.0                            LAT/LON1/LON2/DLON/H
  118  119  118  116  113  107  101   95   88   80   72   64   56   50   46   43
   42   41   39   36   32   30   29   31   34   37   40   43   44   44   45   46
   47   50   53   55   57   57   56   55   53   52   51   51   49   48   48   48
   49   50   51   53   56   61   67   73   81   87   94   99  104  108  111  115
  118  122  124  124  123  121  119  118  118
    42.5-180.0 180.0   5.0 450.0                            LAT/LON1/LON2/DLON/H
  117  117  118  118  116  113  108  102   96   88   80   72   64   57   52   49
   48   47   45   43   41   41   41   43   46   48   50   51   50   49   49   49
   52   55   59   61   63   62   60   58   57   56   55   55   53   52   52   53
   54   56   57   60   63   69   75   82   89   96  102  107  111  114  117  119
  122  125  127  127  125  122  119  117  117
    40.0-180.0 180.0   5.0 450.0                            LAT/LON1/LON2/DLON/H
  112  113  114  116  116  114  111  107  101   95   88   80   72   65   60   56
   53   52   52   52   52   52   54   56   58   60   60   59   56   53   52   52
   54   57   61   64   65   64   62   60   59   59   59   59   58   57   56   57
   58   60   62   64   68   74   81   89   97  104  110  115  119  121  123  124
  126  128  129  129  126  122  118  114  112
    37.5-180.0 180.0   5.0 450.0                            LAT/LON1/LON2/DLON/H
  108  107  108  110  111  111  110  107  103   98   93   87   80   73   67   62
   59   58   59   60   62   64   66   69   70   70   69   66   61   57   54   53
   55   58   62   64   65   64   62   61   61   63   64   64   62   61   60   60
   61   63   64   66   71   77   86   95  103  110  117  122  126  128  129  130
  131  132  133  132  129  124  118  112  108
    35.0-180.0 180.0   5.0 450.0                            LAT/LON1/LON2/DLON/H
  108  105  103  104  105  105  105  104  101   99   95   92   87   81   74   68
   65   64   65   68   72   75   77   79   79   79   76   72   66   61   57   56
   57   60   63   65   65   64   63   63   64   67   69   69   67   64   63   62
   63   63   64   66   71   78   88   98  107  115  122  128  132  135  136  137
  138  139  139  138  135  129  122  114  108
    32.5-180.0 180.0   5.0 450.0                            LAT/LON1/LON2/DLON/H
  116  109  105  103  101  101  100   99   98   97   96   95   92   87   80   74
   70   70   72   76   80   82   84   85   85   84   82   77   72   66   62   60
   61   63   65   66   66   66   65   66   68   71   73   73   71   67   64   63
   63   62   62   63   69   78   89  101  111  120  127  133  138  142  144  146
  147  148  149  149  146  141  133  124  116
    30.0-180.0 180.0   5.0 450.0                            LAT/LON1/LON2/DLON/H
  134  125  117  110  105  102   99   97   95   95   96   96   95   92   86   80
   76   75   78   82   85   87   88   88   88   87   85   82   77   72   68   67
   68   69   70   70   70   69   68   69   72   75   77   76   72   67   64   62
   60   59   58   60   66   77   90  103  114  124  132  139  144  149  153  157
  160  162  165  165  164  160  153  144  134
    27.5-180.0 180.0   5.0 450.0                            LAT/LON1/LON2/DLON/H
  163  152  141  129  120  111  105  100   97   96   96   98   98   96   91   85
   81   80   83   85   88   88   88   88   88   88   88   86   83   79   76   76
   76   77   77   76   74   73   72   73   74   76   77   75   70   64   60   58
   57   55   54   56   64   77   92  106  119  129  137  144  151  158  164  170
  176  180  184  187  187  185  181  173  163
    25.0-180.0 180.0   5.0 450.0                            LAT/LON1/LON2/DLON/H
  201  190  176  160  145  132  121  112  105  101  101  101  102  100   95   90
   86   85   86   87   88   87   87   86   87   88   90   90   88   86   85   84
   85   86   85   82   79   77   75   74   74   74   73   69   64   58   54   53
   52   50   50   54   63   78   94  110  123  134  143  151  159  167  176  185
  194  201  207  211  214  215  214  209  201
    22.5-180.0 180.0   5.0 450.0                            LAT/LON1/LON2/DLON/H
  242  233  218  200  180  161  145  132  121  114  109  108  107  105  100   95
   91   89   88   88   87   86   85   86   87   90   92   93   93   92   91   92
   93   92   90   87   83   79   76   73   71   69   66   61   55   49   46   46
   46   46   47   52   63   80   98  115  129  140  150  159  168  178  189  201
  213  223  230  236  241  245  247  247  242
    20.0-180.0 180.0   5.0 450.0                            LAT/LON1/LON2/DLON/H
  281  275  261  242  219  196  176  159  145  133  124  118  115  112  107  102
   97   93   90   88   87   86   86   88   91   93   96   97   97   96   95   96
   97   96   93   89   84   79   74   69   65   60   55   50   44   40   38   39
   40   42   44   52   65   83  102  120  134  147  157  167  177  189  202  217
  231  243  252  259  265  271  276  281  281
    17.5-180.0 180.0   5.0 450.0                            LAT/LON1/LON2/DLON/H
  311  309  299  279  255  231  209  189  172  156  143  133  127  121  116  110
  103   98   93   90   88   89   92   95   98  100  101  100   99   98   96   96
   97   96   92   87   81   75   70   63   57   51   45   39   34   30   30   32
   35   38   43   52   68   86  106  124  139  153  165  176  187  200  215  232
  247  260  269  276  282  289  297  306  311
    15.0-180.0 180.0   5.0 450.0                            LAT/LON1/LON2/DLON/H
  328  331  324  307  284  260  238  218  199  181  164  151  142  134  127  120
  112  105   99   95   94   97  102  106  109  109  107  104  101   98   95   94
   93   92   88   82   76   69   63   56   49   42   36   31   26   24   25   28
   32   36   43   54   70   90  109  127  143  157  171  184  197  210  227  244
  260  272  280  286  291  298  308  319  328
    12.5-180.0 180.0   5.0 450.0                            LAT/LON1/LON2/DLON/H
  333  339  336  322  301  279  259  240  222  204  186  171  159  150  142  133
  123  114  107  104  104  109  116  121  122  119  114  108  102   97   93   90
   88   86   81   75   69   63   57   50   43   37   31   26   23   22   23   27
   31   36   44   56   74   93  112  129  145  161  176  191  205  220  236  253
  268  280  287  291  294  300  309  321  333
    10.0-180.0 180.0   5.0 450.0                            LAT/LON1/LON2/DLON/H
  328  336  335  324  306  287  270  255  240  223  206  190  177  168  158  148
  137  127  119  116  119  125  132  136  135  129  120  112  104   97   91   86
   83   80   75   69   63   57   52   47   41   35   30   26   24   23   25   29
   33   38   46   59   77   96  114  130  146  163  180  196  212  227  243  259
  273  283  289  292  293  297  304  316  328
     7.5-180.0 180.0   5.0 450.0                            LAT/LON1/LON2/DLON/H
  320  327  327  319  304  288  274  263  251  237  222  208  196  186  176  165
  153  142  134  132  135  142  148  149  145  135  125  115  107   99   91   85
   80   76   71   65   59   54   50   46   42   37   34   31   29   29   31   33
   37   42   50   64   81   99  116  131  146  163  182  200  216  232  248  263
  276  284  289  291  292  294  299  309  320
     5.0-180.0 180.0   5.0 450.0                            LAT/LON1/LON2/DLON/H
  313  319  319  312  299  286  275  266  258  248  236  224  213  204  194  183
  170  158  151  149  151  156  159  157  149  138  127  118  110  102   94   87
   81   76   70   64   58   53   50   48   45   43   40   38   37   37   39   41
   43   47   55   69   86  103  118  132  146  163  182  201  219  235  251  265
  276  285  290  293  294  295  299  305  313
     2.5-180.0 180.0   5.0 450.0                            LAT/LON1/LON2/DLON/H
  315  318  317  310  299  287  277  270  264  257  247  238  229  221  212  200
  187  175  167  164  165  166  165  159  148  137  127  121  115  108  100   91
   84   79   73   66   60   55   52   51   50   49   48   46   46   46   47   49
   50   54   62   75   91  107  121  133  147  163  182  201  219  236  251  265
  276  285  292  297  300  302  305  309  315
