IONEX/c2pg3570.16i
     1.0            IONOSPHERE MAPS     GNSS                IONEX VERSION / TYPE
IONINX V5.3         AIUB                21-DEC-16 08:03     PGM / RUN BY / DATE 
CODE'S 2-DAY PREDICTED IONOSPHERE MAPS FOR DAY 357, 2016    COMMENT             
Global ionosphere maps (GIM) are generated on a daily basis DESCRIPTION         
at CODE using data from about 120 GNSS sites of the IGS and DESCRIPTION         
other institutions. The vertical total electron content     DESCRIPTION         
(VTEC) is modeled in a solar-geomagnetic reference frame    DESCRIPTION         
using a spherical harmonics expansion up to degree and      DESCRIPTION         
order 15. Piece-wise linear functions are used for          DESCRIPTION         
representation in the time domain. The time spacing of      DESCRIPTION         
their vertices is 1 hour, conforming with the epochs of the DESCRIPTION         
VTEC maps.                                                  DESCRIPTION         
To convert line-of-sight TEC into vertical TEC, a modified  DESCRIPTION         
single-layer model mapping function approximating the JPL   DESCRIPTION         
extended slab model mapping function is adopted. The        DESCRIPTION         
mapping function is evaluated at geodetic satellite         DESCRIPTION         
elevation angles. For the computation of the ionospheric    DESCRIPTION         
pierce points, a spherical layer with a radius of 6821 km   DESCRIPTION         
is assumed, implying geocentric, not geodetic IONEX         DESCRIPTION         
latitudes.                                                  DESCRIPTION         
Instrumental biases with respect to each involved GNSS code DESCRIPTION         
observable are estimated as constant values for each        DESCRIPTION         
day. They are modeled with one set of bias parameters for   DESCRIPTION         
each satellite and each station in case of GPS and for each DESCRIPTION         
satellite-station link in case of GLONASS. The code bias    DESCRIPTION         
datum is defined by zero-mean conditions imposed on the     DESCRIPTION         
satellite bias estimates. In this file, just GPS C1W-C2W    DESCRIPTION         
satellite and station bias values are included. The         DESCRIPTION         
complete set of GNSS code bias results is provided in an    DESCRIPTION         
additional Bias-SINEX file as pseudo-absolute values        DESCRIPTION         
specific to each observable.                                DESCRIPTION         
Contact address: code(at)aiub.unibe.ch                      DESCRIPTION         
Data archive:    ftp.unibe.ch/aiub/CODE/                    DESCRIPTION         
                 www.aiub.unibe.ch/download/CODE/           DESCRIPTION         
  2016    12    22     0     0     0                        EPOCH OF FIRST MAP  
  2016    12    23     0     0     0                        EPOCH OF LAST MAP   
  3600                                                      INTERVAL            
    25                                                      # OF MAPS IN FILE   
  NONE                                                      MAPPING FUNCTION    
    10.0                                                    ELEVATION CUTOFF    
One-way carrier phase leveled to code                       OBSERVABLES USED    
  6371.0                                                    BASE RADIUS         
     2                                                      MAP DIMENSION       
   450.0 450.0   0.0                                        HGT1 / HGT2 / DHGT  
    87.5 -87.5  -2.5                                        LAT1 / LAT2 / DLAT  
  -180.0 180.0   5.0                                        LON1 / LON2 / DLON  
    -1                                                      EXPONENT            
TEC/RMS values in 0.1 TECU; 9999, if no value available     COMMENT             
                                                            END OF HEADER       
[from data line 6435]
    16                                                      START OF TEC MAP    
  2016    12    22    15     0     0                        EPOCH OF CURRENT MAP
    87.5-180.0 180.0   5.0 450.0                            LAT/LON1/LON2/DLON/H
   21   21   21   21   21   21   21   21   22   22   22   22   22   22   22   21
   21   21   21   21   21   21   21   21   20   20   20   20   20   20   20   20
   20   20   20   20   20   20   20   20   20   20   20   20   20   20   20   21
   21   21   21   21   21   21   21   21   21   21   21   21   21   21   21   21
   21   21   21   21   21   21   21   21   21
    85.0-180.0 180.0   5.0 450.0                            LAT/LON1/LON2/DLON/H
   19   19   19   20   20   20   21   21   22   22   22   22   22   22   22   22
   22   22   21   21   21   20   20   20   19   19   19   19   18   18   18   18
   18   18   18   18   18   18   18   18   18   18   18   18   19   19   19   20
   20   20   21   21   21   21   21   21   21   21   21   20   20   20   19   19
   19   18   18   18   18   18   18   18   19
    82.5-180.0 180.0   5.0 450.0                            LAT/LON1/LON2/DLON/H
   15   15   16   17   18   19   20   21   22   22   23   23   23   23   23   23
   23   22   22   21   21   20   20   19   19   18   18   18   18   18   17   17
   17   17   17   16   16   16   16   16   16   16   16   16   17   17   18   18
   19   20   20   21   21   22   22   21   21   21   20   19   19   18   17   16
   15   15   14   14   14   14   14   14   15
    80.0-180.0 180.0   5.0 450.0                            LAT/LON1/LON2/DLON/H
   10   11   12   13   15   17   18   20   21   23   24   25   25   25   25   25
   24   24   23   22   22   21   21   20   20   20   20   20   19   19   19   19
   19   18   18   17   16   15   15   14   14   13   13   14   14   15   16   17
   18   20   21   22   22   23   23   22   22   21   20   19   17   16   15   13
   12   11   10   10    9    9    9    9   10
    77.5-180.0 180.0   5.0 450.0                            LAT/LON1/LON2/DLON/H
    6    7    9   10   12   15   17   19   21   23   25   26   27   27   27   27
   26   26   25   25   24   24   24   24   24   24   24   24   24   24   24   23
   23   22   21   19   18   17   15   14   13   12   11   12   12   13   15   16
   18   20   22   23   24   24   24   24   23   22   20   18   17   15   13   12
   10    9    8    7    6    6    6    6    6
    75.0-180.0 180.0   5.0 450.0                            LAT/LON1/LON2/DLON/H
    5    6    7    8   10   13   16   19   21   24   26   27   28   29   29   29
   29   29   29   29   29   29   29   30   30   31   31   31   31   30   30   29
   28   27   25   23   21   19   17   15   13   11   10   10   11   12   14   16
   18   21   23   25   26   26   26   25   24   22   20   18   16   15   13   12
   11    9    8    7    6    6    5    5    5
    72.5-180.0 180.0   5.0 450.0                            LAT/LON1/LON2/DLON/H
    6    6    7    8   10   12   15   18   21   24   26   28   29   30   31   31
   31   32   32   33   34   36   37   38   39   39   39   39   38   37   36   35
   34   32   30   28   25   22   19   16   14   12   10   10   10   11   13   16
   19   22   24   26   27   27   27   25   24   22   20   18   16   15   14   14
   13   12   12   11   10    9    8    7    6
    70.0-180.0 180.0   5.0 450.0                            LAT/LON1/LON2/DLON/H
   10    9    8    9   10   12   14   17   20   23   25   28   29   30   31   32
   33   34   36   38   40   43   45   46   47   48   47   46   45   44   42   40
   38   36   34   31   28   25   22   19   16   13   12   11   11   12   14   17
   20   23   25   27   27   27   26   25   23   20   19   17   16   16   16   16
   16   17   17   16   15   14   13   11   10
    67.5-180.0 180.0   5.0 450.0                            LAT/LON1/LON2/DLON/H
   14   12   11   10   11   12   14   16   19   21   24   26   27   29   30   31
   33   35   38   42   45   49   52   54   55   55   54   52   50   48   46   44
   41   39   36   33   30   27   24   21   19   16   14   13   13   14   15   18
   20   23   25   26   26   26   24   22   20   18   17   16   16   16   17   19
   20   21   22   22   21   20   18   16   14
    65.0-180.0 180.0   5.0 450.0                            LAT/LON1/LON2/DLON/H
   18   16   14   13   13   13   14   16   18   19   21   23   25   26   28   30
   32   35   39   44   48   53   56   59   60   60   58   56   54   51   48   46
   43   41   38   35   32   29   27   24   22   20   18   17   16   16   17   18
   20   22   24   24   24   23   21   19   17   16   15   15   15   17   18   20
   22   24   25   26   26   25   23   21   18
    62.5-180.0 180.0   5.0 450.0                            LAT/LON1/LON2/DLON/H
   22   19   17   16   15   15   15   16   16   17   19   20   21   23   24   27
   30   34   39   44   49   54   59   61   62   62   60   58   55   53   51   49
   46   43   40   37   34   32   30   28   26   25   23   21   20   19   19   19
   20   21   22   22   21   20   18   16   15   14   14   15   16   17   19   21
   23   25   26   27   28   27   26   24   22
    60.0-180.0 180.0   5.0 450.0                            LAT/LON1/LON2/DLON/H
   23   22   20   19   18   17   17   16   16   16   16   17   18   19   22   24
   28   32   38   43   49   54   59   61   62   62   60   59   57   56   55   53
   51   48   45   41   38   35   34   32   31   30   29   27   25   23   21   21
   20   20   20   20   19   18   17   16   15   16   16   17   18   20   21   22
   23   24   25   26   27   27   26   25   23
    57.5-180.0 180.0   5.0 450.0                            LAT/LON1/LON2/DLON/H
   25   24   23   22   22   21   20   19   17   16   15   15   15   17   20   23
   27   32   37   43   49   54   58   61   62   62   61   61   60   61   61   61
   59   56   52   48   44   41   39   38   37   36   35   33   30   27   25   23
   22   21   20   20   19   18   18   18   19   20   21   23   23   24   23   23
   23   23   23   24   25   26   26   26   25
    55.0-180.0 180.0   5.0 450.0                            LAT/LON1/LON2/DLON/H
   26   26   27   27   27   26   25   23   20   18   16   15   15   17   20   24
   29   34   39   44   50   55   59   62   63   64   64   65   66   69   70   71
   69   66   61   56   52   48   46   45   44   43   42   39   36   32   29   27
   25   24   23   23   22   22   23   24   26   28   30   31   31   30   28   26
   24   23   23   23   24   25   26   26   26
    52.5-180.0 180.0   5.0 450.0                            LAT/LON1/LON2/DLON/H
   29   30   31   32   33   33   31   28   25   21   19   17   17   19   23   28
   33   38   43   48   53   58   62   66   68   69   70   72   75   78   81   82
   81   77   72   66   61   57   54   52   51   50   49   46   42   39   35   33
   31   30   30   29   29   29   30   32   35   38   40   41   40   38   36   32
   29   26   25   25   25   27   28   29   29
    50.0-180.0 180.0   5.0 450.0                            LAT/LON1/LON2/DLON/H
   34   36   37   39   40   40   39   36   32   27   24   22   22   24   29   35
   41   46   51   56   60   65   70   74   76   78   79   82   85   89   91   92
   90   86   81   75   70   66   63   61   59   58   56   53   50   46   43   41
   40   39   39   39   39   39   40   42   45   48   50   51   50   48   44   40
   35   32   30   29   30   31   32   33   34
    47.5-180.0 180.0   5.0 450.0                            LAT/LON1/LON2/DLON/H
   41   42   44   46   47   48   46   43   39   35   31   29   29   32   37   44
   50   56   61   65   70   75   81   85   88   90   91   92   95   97   98   98
   95   91   87   82   78   75   72   70   68   66   64   61   58   55   52   51
   51   51   51   50   49   49   50   51   54   56   58   59   58   56   53   48
   44   40   38   37   38   39   39   40   41
    45.0-180.0 180.0   5.0 450.0                            LAT/LON1/LON2/DLON/H
   47   48   50   52   54   54   53   51   47   43   39   37   38   41   47   54
   61   68   72   77   82   87   94   99  102  103  103  102  102  102  101   99
   95   92   89   87   85   83   81   79   76   74   72   69   66   63   62   61
   62   62   62   61   59   58   58   59   60   62   63   63   63   62   60   57
   53   49   47   46   46   47   47   47   47
    42.5-180.0 180.0   5.0 450.0                            LAT/LON1/LON2/DLON/H
   52   53   54   56   58   59   58   56   54   51   48   47   48   52   58   65
   73   79   84   88   93  100  107  112  115  115  113  110  107  104  100   96
   92   89   88   89   91   91   90   88   85   83   80   77   74   72   71   71
   72   73   72   70   68   65   64   63   63   64   64   64   65   65   64   62
   60   57   54   53   53   54   54   53   52
    40.0-180.0 180.0   5.0 450.0                            LAT/LON1/LON2/DLON/H
   55   54   55   57   59   60   61   60   58   57   56   56   58   63   69   76
   83   89   93   98  103  111  118  124  127  125  121  116  110  104   98   92
   88   87   89   93   97   99   99   97   94   91   88   84   81   79   78   79
   80   81   80   77   73   70   67   66   64   63   63   63   64   65   66   65
   63   61   58   57   57   58   57   56   55
    37.5-180.0 180.0   5.0 450.0                            LAT/LON1/LON2/DLON/H
   54   53   53   55   57   59   60   60   60   61   62   64   68   73   79   86
   92   97  101  105  111  119  127  132  134  132  126  119  112  105   97   92
   88   89   94  100  106  109  109  107  103   99   95   91   88   85   84   85
   86   86   84   80   76   72   69   67   64   62   61   60   61   63   65   65
   64   61   58   57   57   57   57   56   54
    35.0-180.0 180.0   5.0 450.0                            LAT/LON1/LON2/DLON/H
   50   49   49   51   53   55   57   58   59   62   65   70   76   82   88   94
  100  104  107  111  117  124  132  137  138  134  129  122  116  109  104   99
   98  100  107  114  119  122  121  117  112  107  103   98   94   90   88   88
   88   88   86   82   78   74   71   68   65   62   60   58   59   60   62   63
   61   58   55   53   53   54   53   52   50
    32.5-180.0 180.0   5.0 450.0                            LAT/LON1/LON2/DLON/H
   45   44   44   46   48   50   52   54   56   60   66   73   81   89   96  101
  106  109  112  116  121  127  134  137  138  135  131  127  124  121  119  117
  119  123  129  134  137  137  133  127  121  116  110  105   99   95   92   91
   90   89   87   83   80   77   75   72   68   64   61   59   58   59   60   60
   58   54   50   48   48   48   48   47   45
    30.0-180.0 180.0   5.0 450.0                            LAT/LON1/LON2/DLON/H
   41   40   40   42   44   46   48   50   52   57   65   74   84   94  101  106
  110  113  116  120  124  130  134  136  136  135  134  135  137  140  143  146
  150  155  159  161  159  153  146  137  130  124  118  112  106  101   97   94
   93   91   88   86   84   82   80   77   73   69   64   61   60   59   59   58
   55   51   46   44   43   43   43   42   41
    27.5-180.0 180.0   5.0 450.0                            LAT/LON1/LON2/DLON/H
   39   38   38   40   42   43   45   46   49   54   62   73   86   97  105  110
  114  117  120  124  128  132  134  135  135  136  139  147  156  165  174  182
  188  192  193  189  181  170  157  147  138  132  127  121  115  109  104  100
   97   95   92   90   89   88   87   84   80   75   70   65   63   61   60   58
   54   50   45   42   41   41   41   40   39
    25.0-180.0 180.0   5.0 450.0                            LAT/LON1/LON2/DLON/H
   40   39   39   40   42   43   45   45   47   51   59   72   86   98  107  112
  117  121  125  129  132  134  135  135  135  139  148  161  177  193  207  218
  226  229  225  215  200  183  168  155  147  141  136  132  126  121  115  110
  105  101   98   96   95   95   93   90   86   80   74   69   66   63   62   59
   56   51   47   44   42   42   42   41   40
    22.5-180.0 180.0   5.0 450.0                            LAT/LON1/LON2/DLON/H
   44   43   43   43   44   46   47   47   47   50   58   71   86   99  108  115
  119  125  130  134  137  138  137  137  138  145  159  178  199  220  237  249
  257  258  250  235  215  193  175  162  155  150  148  145  140  135  129  122
  115  110  106  103  102  101   99   95   89   83   77   72   68   65   63   61
   59   55   51   48   47   46   45   45   44
    20.0-180.0 180.0   5.0 450.0                            LAT/LON1/LON2/DLON/H
   48   47   47   47   48   49   50   50   50   52   59   71   87  100  110  117
  123  129  135  140  143  143  141  141  145  155  172  195  219  240  257  270
  276  275  264  245  222  199  181  170  163  161  160  159  156  151  144  136
  127  119  114  110  108  105  102   96   90   83   77   71   68   65   64   63
   62   59   57   54   52   51   50   49   48
    17.5-180.0 180.0   5.0 450.0                            LAT/LON1/LON2/DLON/H
   52   51   51   50   51   53   54   55   54   55   62   74   89  103  113  120
  126  133  141  146  148  148  147  148  154  167  187  210  233  252  267  277
  281  278  266  246  223  202  187  177  174  173  174  175  173  168  160  149
  138  128  120  115  111  107  102   95   88   80   74   69   65   63   63   63
   63   62   61   58   56   55   53   52   52
    15.0-180.0 180.0   5.0 450.0                            LAT/LON1/LON2/DLON/H
   53   53   52   51   52   54   57   58   58   60   67   79   94  107  116  124
  131  138  146  151  153  153  154  157  166  181  201  222  241  256  266  272
  274  270  258  241  222  205  193  187  186  187  189  191  189  184  173  160
  147  134  125  118  112  106  100   93   85   78   71   66   63   61   61   62
   63   63   62   60   58   56   54   53   53
    12.5-180.0 180.0   5.0 450.0                            LAT/LON1/LON2/DLON/H
   51   51   50   49   50   52   56   59   61   64   72   84   99  112  121  128
  136  144  151  155  157  159  161  168  179  195  213  231  244  253  257  259
  260  256  247  234  221  210  203  201  201  202  205  206  204  196  184  168
  152  138  127  119  112  106  100   92   85   78   71   66   62   60   60   60
   61   62   61   59   56   54   52   51   51
    10.0-180.0 180.0   5.0 450.0                            LAT/LON1/LON2/DLON/H
   47   47   45   44   45   48   52   57   61   66   76   90  105  118  127  134
  142  150  157  160  162  165  171  180  194  209  225  237  244  246  246  245
  245  243  238  232  225  220  218  217  217  218  219  219  215  205  190  172
  155  140  129  121  114  108  102   96   90   83   76   71   66   63   61   60
   60   59   58   56   53   50   48   47   47
     7.5-180.0 180.0   5.0 450.0                            LAT/LON1/LON2/DLON/H
   42   41   40   38   38   41   46   52   58   66   78   93  109  123  133  141
  149  157  163  166  168  172  181  194  208  223  234  241  243  241  238  236
  236  237  238  237  236  236  236  236  235  234  233  229  223  211  194  175
  157  143  132  125  119  114  110  105  100   95   88   82   76   71   66   63
   61   58   56   53   49   47   44   43   42
     5.0-180.0 180.0   5.0 450.0                            LAT/LON1/LON2/DLON/H
   40   38   35   33   32   34   38   45   53   63   77   95  112  127  138  147
  156  164  170  172  175  181  193  207  222  234  242  244  243  239  236  235
  238  242  247  251  255  257  258  256  253  249  244  237  228  214  196  177
  160  147  139  133  129  126  123  121  117  112  106   99   91   84   77   70
   65   60   56   52   49   46   43   41   40
     2.5-180.0 180.0   5.0 450.0                            LAT/LON1/LON2/DLON/H
   41   38   34   30   28   29   32   38   47   59   75   94  114  130  142  153
  163  172  177  180  184  191  204  220  234  243  247  247  244  241  241  244
  250  258  266  273  278  281  280  275  268  260  252  243  232  217  198  180
  166  156  150  146  144  142  141  140  137  133  126  119  110  101   92   82
   74   67   61   57   53   49   46   43   41
