IONEX/c2pg3570.16i
     1.0            IONOSPHERE MAPS     GNSS                IONEX VERSION / TYPE
IONINX V5.3         AIUB                21-DEC-16 08:03     PGM / RUN BY / DATE 
CODE'S 2-DAY PREDICTED IONOSPHERE MAPS FOR DAY 357, 2016    COMMENT             
Global ionosphere maps (GIM) are generated on a daily basis DESCRIPTION         
at CODE using data from about 120 GNSS sites of the IGS and DESCRIPTION         
other institutions. The vertical total electron content     DESCRIPTION         
(VTEC) is modeled in a solar-geomagnetic reference frame    DESCRIPTION         
using a spherical harmonics expansion up to degree and      DESCRIPTION         
order 15. Piece-wise linear functions are used for          DESCRIPTION         
representation in the time domain. The time spacing of      DESCRIPTION         
their vertices is 1 hour, conforming with the epochs of the DESCRIPTION         
VTEC maps.                                                  DESCRIPTION         
To convert line-of-sight TEC into vertical TEC, a modified  DESCRIPTION         
single-layer model mapping function approximating the JPL   DESCRIPTION         
extended slab model mapping function is adopted. The        DESCRIPTION         
mapping function is evaluated at geodetic satellite         DESCRIPTION         
elevation angles. For the computation of the ionospheric    DESCRIPTION         
pierce points, a spherical layer with a radius of 6821 km   DESCRIPTION         
is assumed, implying geocentric, not geodetic IONEX         DESCRIPTION         
latitudes.                                                  DESCRIPTION         
Instrumental biases with respect to each involved GNSS code DESCRIPTION         
observable are estimated as constant values for each        DESCRIPTION         
day. They are modeled with one set of bias parameters for   DESCRIPTION         
each satellite and each station in case of GPS and for each DESCRIPTION         
satellite-station link in case of GLONASS. The code bias    DESCRIPTION         
datum is defined by zero-mean conditions imposed on the     DESCRIPTION         
satellite bias estimates. In this file, just GPS C1W-C2W    DESCRIPTION         
satellite and station bias values are included. The         DESCRIPTION         
complete set of GNSS code bias results is provided in an    DESCRIPTION         
additional Bias-SINEX file as pseudo-absolute values        DESCRIPTION         
specific to each observable.                                DESCRIPTION         
Contact address: code(at)aiub.unibe.ch                      DESCRIPTION         
Data archive:    ftp.unibe.ch/aiub/CODE/                    DESCRIPTION         
                 www.aiub.unibe.ch/download/CODE/           DESCRIPTION         
  2016    12    22     0     0     0                        EPOCH OF FIRST MAP  
  2016    12    23     0     0     0                        EPOCH OF LAST MAP   
  3600                                                      INTERVAL            
    25                                                      # OF MAPS IN FILE   
  NONE                                                      MAPPING FUNCTION    
    10.0                                                    ELEVATION CUTOFF    
One-way carrier phase leveled to code                       OBSERVABLES USED    
  6371.0                                                    BASE RADIUS         
     2                                                      MAP DIMENSION       
   450.0 450.0   0.0                                        HGT1 / HGT2 / DHGT  
    87.5 -87.5  -2.5                                        LAT1 / LAT2 / DLAT  
  -180.0 180.0   5.0                                        LON1 / LON2 / DLON  
    -1                                                      EXPONENT            
TEC/RMS values in 0.1 TECU; 9999, if no value available     COMMENT             
                                                            END OF HEADER       
[from data line 1287]
     4                                                      START OF TEC MAP    
  2016    12    22     3     0     0                        EPOCH OF CURRENT MAP
    87.5-180.0 180.0   5.0 450.0                            LAT/LON1/LON2/DLON/H
   25   25   25   25   25   24   24   24   24   24   24   24   24   23   23   23
   23   23   22   22   22   22   22   22   22   22   22   22   22   22   22   22
   22   22   22   23   23   23   23   23   23   23   23   23   23   23   23   23
   23   23   23   23   23   23   23   23   23   23   23   23   24   24   24   24
   24   24   24   24   24   24   24   25   25
    85.0-180.0 180.0   5.0 450.0                            LAT/LON1/LON2/DLON/H
   25   25   25   26   26   26   25   25   25   25   24   24   24   23   23   22
   21   21   20   20   19   19   19   19   19   19   19   19   20   20   20   21
   21   22   22   23   23   23   23   23   23   23   23   23   22   22   22   22
   22   22   21   21   21   21   21   22   22   22   22   22   23   23   23   23
   24   24   24   24   24   25   25   25   25
    82.5-180.0 180.0   5.0 450.0                            LAT/LON1/LON2/DLON/H
   25   25   26   26   26   26   26   26   26   26   25   25   24   23   22   21
   20   19   18   17   16   15   15   15   15   15   16   16   17   18   19   20
   21   22   23   24   24   24   24   24   24   24   23   22   22   21   21   20
   20   19   19   19   19   19   19   20   20   20   21   21   22   22   22   23
   23   23   24   24   24   24   25   25   25
    80.0-180.0 180.0   5.0 450.0                            LAT/LON1/LON2/DLON/H
   25   25   25   26   26   26   27   27   27   26   26   25   24   23   22   20
   19   17   15   14   13   12   11   11   11   12   13   14   16   18   19   21
   23   24   25   26   26   27   26   26   25   24   23   22   21   19   19   18
   17   17   16   16   17   17   17   18   19   20   21   21   22   23   23   24
   24   24   24   24   24   24   24   25   25
    77.5-180.0 180.0   5.0 450.0                            LAT/LON1/LON2/DLON/H
   24   25   25   25   26   26   26   27   27   27   26   26   25   24   22   20
   18   16   14   12   11    9    9    8    9   10   11   13   16   18   21   23
   25   27   28   29   29   28   28   26   25   23   22   20   19   17   16   15
   14   14   14   14   15   16   17   18   19   21   22   23   24   25   26   26
   26   26   26   26   25   25   25   25   24
    75.0-180.0 180.0   5.0 450.0                            LAT/LON1/LON2/DLON/H
   25   25   25   25   25   26   26   26   27   27   27   26   25   24   23   21
   19   17   14   12   10    9    8    8    8   10   12   14   17   20   23   25
   27   29   30   30   30   29   27   26   24   22   19   18   16   14   13   13
   12   12   12   13   14   16   18   20   22   24   26   28   29   31   31   32
   31   31   30   29   28   27   26   26   25
    72.5-180.0 180.0   5.0 450.0                            LAT/LON1/LON2/DLON/H
   27   27   26   26   25   26   26   26   26   26   26   26   25   24   23   22
   20   18   16   14   12   10    9    9   10   11   13   16   19   22   24   27
   29   30   30   30   29   27   25   23   20   18   16   14   13   12   11   11
   11   11   12   13   15   17   20   23   26   29   31   34   36   38   39   39
   38   38   36   35   33   31   30   29   27
    70.0-180.0 180.0   5.0 450.0                            LAT/LON1/LON2/DLON/H
   31   30   28   27   27   26   26   25   25   25   25   25   24   24   23   22
   21   19   18   16   14   13   12   12   12   14   15   18   20   22   25   26
   28   28   28   26   25   23   20   18   16   14   12   11   11   10   10   10
   11   12   13   15   17   20   24   27   31   35   38   41   44   46   47   47
   47   45   44   41   39   37   35   33   31
    67.5-180.0 180.0   5.0 450.0                            LAT/LON1/LON2/DLON/H
   36   34   32   30   28   27   26   25   24   24   23   23   23   22   22   22
   21   21   19   18   17   15   15   14   15   16   17   19   20   22   23   24
   24   24   23   21   19   16   14   12   11   10   10   10   10   10   10   11
   12   13   15   17   21   24   28   32   37   41   45   49   52   55   56   56
   55   53   51   49   46   44   41   39   36
    65.0-180.0 180.0   5.0 450.0                            LAT/LON1/LON2/DLON/H
   42   39   36   33   30   28   26   24   23   22   21   20   20   20   20   21
   21   21   20   19   18   17   16   16   16   17   18   19   19   20   20   20
   19   18   17   15   12   10    9    8    7    8    9   10   11   12   12   13
   14   15   18   21   24   29   33   38   43   48   52   56   60   62   64   64
   63   61   59   56   53   51   48   45   42
    62.5-180.0 180.0   5.0 450.0                            LAT/LON1/LON2/DLON/H
   49   45   41   37   33   29   27   24   22   20   19   18   17   17   18   19
   20   20   20   19   18   17   16   16   16   17   17   17   17   17   16   15
   14   13   11   10    8    6    6    6    6    8   10   12   14   15   16   16
   17   19   21   25   29   34   39   44   49   54   59   63   67   69   71   71
   70   68   65   63   60   58   55   52   49
    60.0-180.0 180.0   5.0 450.0                            LAT/LON1/LON2/DLON/H
   56   51   46   41   36   31   28   24   22   19   17   16   15   15   16   17
   18   19   19   18   16   15   14   14   15   15   16   16   15   14   13   12
   11   10    9    8    7    6    6    7    9   12   15   18   20   20   20   20
   21   22   25   30   35   41   46   52   57   62   66   70   73   76   77   76
   75   73   71   69   67   64   62   59   56
    57.5-180.0 180.0   5.0 450.0                            LAT/LON1/LON2/DLON/H
   63   58   52   45   39   34   29   26   23   20   17   15   14   13   14   15
   17   17   17   16   14   12   12   12   13   14   15   15   15   14   13   12
   12   12   12   11   11   11   11   13   15   19   22   25   26   26   25   25
   25   27   30   36   42   49   55   60   65   70   74   77   80   81   82   81
   80   78   76   74   72   71   69   67   63
    55.0-180.0 180.0   5.0 450.0                            LAT/LON1/LON2/DLON/H
   71   65   58   51   44   38   33   28   25   21   18   16   14   14   14   15
   16   16   15   14   12   10   10   10   12   14   16   17   17   16   16   16
   16   18   19   19   19   19   20   22   24   27   30   32   33   32   31   29
   30   32   37   43   51   58   65   71   75   79   82   84   86   87   87   86
   84   82   80   79   78   77   76   74   71
    52.5-180.0 180.0   5.0 450.0                            LAT/LON1/LON2/DLON/H
   78   73   66   59   51   44   38   33   29   25   22   19   17   16   16   17
   17   17   15   13   11   10   10   11   14   17   20   22   22   22   22   23
   25   27   29   30   31   31   31   32   34   36   38   39   39   38   36   35
   35   39   45   53   61   69   76   82   86   89   91   92   93   93   92   90
   87   85   83   83   83   83   83   82   78
    50.0-180.0 180.0   5.0 450.0                            LAT/LON1/LON2/DLON/H
   86   81   75   68   60   53   46   40   35   31   27   24   22   21   21   21
   20   19   17   15   13   12   13   16   20   24   27   29   30   31   31   33
   35   38   41   42   42   42   41   41   42   44   45   45   44   43   41   40
   42   47   54   63   72   81   88   93   96   98  100  100  100   98   96   93
   90   87   86   85   86   87   88   88   86
    47.5-180.0 180.0   5.0 450.0                            LAT/LON1/LON2/DLON/H
   91   88   84   77   70   63   56   49   43   38   34   31   29   28   27   26
   25   23   21   20   19   19   21   25   29   34   37   39   40   40   41   42
   45   48   51   52   52   51   50   50   49   49   50   49   48   47   46   47
   50   56   65   74   84   92   98  102  105  107  108  107  106  103   99   95
   91   88   87   86   87   89   91   92   91
    45.0-180.0 180.0   5.0 450.0                            LAT/LON1/LON2/DLON/H
   94   93   90   86   80   73   65   58   51   46   41   39   37   36   35   33
   31   30   28   28   28   30   33   37   42   46   49   50   50   50   49   51
   53   56   58   59   59   58   56   55   54   54   53   52   51   51   51   54
   59   66   75   85   93  100  106  109  112  113  114  113  110  106  101   96
   92   88   86   85   86   88   91   93   94
    42.5-180.0 180.0   5.0 450.0                            LAT/LON1/LON2/DLON/H
   93   94   94   92   87   81   74   66   59   53   49   47   46   44   43   41
   39   37   37   38   41   44   48   52   56   59   61   61   59   57   56   56
   58   60   62   62   62   61   60   59   58   57   56   55   54   55   57   61
   68   76   85   94  101  106  110  113  115  117  117  116  113  108  103   97
   91   87   84   83   84   85   88   90   93
    40.0-180.0 180.0   5.0 450.0                            LAT/LON1/LON2/DLON/H
   89   91   93   93   91   86   80   72   65   60   57   55   54   53   52   49
   47   46   47   50   54   59   64   68   70   72   72   70   66   63   60   59
   59   61   62   63   63   62   62   61   61   60   59   58   58   60   63   68
   76   84   93  100  105  109  112  114  117  118  119  118  115  110  104   98
   92   87   84   82   81   82   83   86   89
    37.5-180.0 180.0   5.0 450.0                            LAT/LON1/LON2/DLON/H
   84   86   89   90   90   87   82   75   69   65   62   61   61   61   59   57
   55   55   57   62   68   74   78   81   82   82   80   76   71   66   62   60
   60   60   61   62   62   62   63   63   64   64   63   62   63   65   69   75
   83   91   98  103  107  109  111  114  116  119  120  120  117  113  108  102
   96   90   86   83   81   80   80   81   84
    35.0-180.0 180.0   5.0 450.0                            LAT/LON1/LON2/DLON/H
   80   81   83   85   85   83   80   75   70   67   66   66   67   67   66   64
   63   63   67   72   79   85   89   91   90   88   84   80   74   68   64   61
   60   61   61   61   61   62   64   65   67   68   68   67   67   69   73   79
   87   94  100  104  107  109  111  114  117  120  122  123  122  119  115  110
  104   99   95   91   88   85   82   80   80
    32.5-180.0 180.0   5.0 450.0                            LAT/LON1/LON2/DLON/H
   82   79   79   79   79   79   76   73   70   68   68   69   70   71   70   69
   69   70   74   80   87   92   95   95   93   90   86   82   76   71   67   64
   63   63   62   62   62   63   65   68   70   72   72   72   72   73   76   82
   89   95  101  104  107  109  112  116  120  125  128  130  131  130  128  124
  120  116  111  107  102   97   91   86   82
    30.0-180.0 180.0   5.0 450.0                            LAT/LON1/LON2/DLON/H
   91   84   79   77   76   75   73   71   69   68   69   70   72   73   73   73
   74   75   79   85   90   95   96   95   92   89   85   82   78   74   71   69
   68   68   66   65   64   64   66   69   72   74   75   75   74   75   77   83
   89   95  101  105  108  112  116  121  127  133  138  141  144  146  146  145
  142  139  136  131  126  118  109  100   91
    27.5-180.0 180.0   5.0 450.0                            LAT/LON1/LON2/DLON/H
  109   97   88   81   77   75   74   72   70   69   69   71   72   73   74   75
   76   79   82   86   90   92   92   90   87   85   83   82   80   79   77   76
   76   74   71   68   66   65   66   69   72   74   76   75   74   74   76   81
   88   95  101  106  112  118  124  132  139  146  152  157  162  166  170  171
  170  168  166  162  157  148  136  123  109
    25.0-180.0 180.0   5.0 450.0                            LAT/LON1/LON2/DLON/H
  135  119  104   94   87   82   79   76   74   72   71   72   73   74   75   76
   78   80   82   84   86   86   86   84   82   81   81   82   83   83   84   84
   83   80   76   71   67   64   64   65   68   71   73   72   70   70   73   79
   87   95  103  111  119  127  136  146  155  162  170  176  183  190  195  198
  199  199  198  196  191  182  169  152  135
    22.5-180.0 180.0   5.0 450.0                            LAT/LON1/LON2/DLON/H
  165  146  128  114  103   96   91   86   81   78   75   74   74   74   76   77
   79   80   81   81   81   80   79   78   77   77   80   83   85   87   89   89
   88   84   78   71   65   61   59   60   62   65   66   66   64   65   69   77
   87   98  108  118  128  139  151  161  172  181  189  197  205  214  220  225
  227  228  229  228  224  216  202  185  165
    20.0-180.0 180.0   5.0 450.0                            LAT/LON1/LON2/DLON/H
  196  176  156  140  126  116  108  101   93   86   82   79   77   77   78   79
   80   81   80   78   77   76   75   74   75   76   79   83   87   90   92   92
   89   84   76   68   61   56   53   52   54   57   58   58   57   59   66   76
   89  102  114  127  139  152  165  177  188  198  207  216  226  235  242  247
  249  251  253  254  251  244  231  215  196
    17.5-180.0 180.0   5.0 450.0                            LAT/LON1/LON2/DLON/H
  222  204  185  167  152  140  130  119  108   98   90   85   83   81   82   82
   83   82   80   78   76   75   75   76   76   78   81   84   88   90   91   90
   86   79   71   62   55   49   45   44   46   48   50   49   49   53   63   77
   93  108  123  137  151  165  179  191  203  213  223  232  242  251  257  261
  264  266  268  270  269  263  253  239  222
    15.0-180.0 180.0   5.0 450.0                            LAT/LON1/LON2/DLON/H
  242  227  210  193  178  165  152  138  125  112  101   94   90   89   88   88
   88   86   84   81   79   79   80   81   82   82   84   85   87   88   87   84
   79   71   63   55   48   43   39   38   39   41   42   42   43   50   62   80
   98  116  131  146  161  176  190  202  213  224  234  244  253  261  266  268
  270  272  274  277  277  273  266  255  242
    12.5-180.0 180.0   5.0 450.0                            LAT/LON1/LON2/DLON/H
  255  244  230  215  201  187  173  158  141  126  113  105  100   98   97   96
   95   93   90   88   87   88   90   90   90   88   87   86   85   84   81   77
   70   62   54   48   42   38   35   34   35   37   38   38   40   49   64   84
  105  123  139  155  170  184  197  209  220  231  242  252  260  266  269  270
  270  271  274  276  277  275  270  264  255
    10.0-180.0 180.0   5.0 450.0                            LAT/LON1/LON2/DLON/H
  263  256  245  232  219  205  191  175  158  140  126  117  112  109  107  105
  103  101   99   98   98   99  101  101   98   94   90   87   83   79   75   69
   62   55   48   43   39   37   34   33   34   36   36   37   40   51   68   90
  111  130  146  161  176  190  202  214  224  235  246  256  263  268  269  268
  267  268  271  273  274  273  271  268  263
     7.5-180.0 180.0   5.0 450.0                            LAT/LON1/LON2/DLON/H
  270  266  257  246  234  221  207  191  173  155  140  129  123  119  117  114
  112  110  109  109  110  111  111  110  105   99   93   87   81   76   69   62
   56   50   45   42   40   38   36   36   36   37   38   39   44   55   74   96
  117  135  150  165  179  193  205  216  226  237  248  257  264  268  268  267
  266  267  270  272  273  273  273  272  270
     5.0-180.0 180.0   5.0 450.0                            LAT/LON1/LON2/DLON/H
  280  277  270  259  248  235  222  206  188  170  154  142  134  130  126  123
  120  119  118  118  119  120  119  115  109  101   94   87   80   73   66   59
   53   49   46   44   43   41   40   39   39   41   42   43   49   62   81  102
  122  139  152  166  180  194  206  217  227  237  248  258  265  268  269  268
  269  271  274  277  278  279  279  280  280
     2.5-180.0 180.0   5.0 450.0                            LAT/LON1/LON2/DLON/H
  294  291  284  274  262  250  237  222  204  186  168  155  145  139  134  130
  127  125  124  124  124  123  120  115  108  100   93   87   80   73   65   59
   54   51   50   49   47   45   43   42   43   44   46   49   56   69   88  108
  126  140  153  166  180  194  206  217  227  237  248  259  266  270  272  274
  276  280  285  289  291  292  293  294  294
