IONEX/c2pg3580.16i
     1.0            IONOSPHERE MAPS     GNSS                IONEX VERSION / TYPE
IONINX V5.3         AIUB                22-DEC-16 08:09     PGM / RUN BY / DATE 
CODE'S 2-DAY PREDICTED IONOSPHERE MAPS FOR DAY 358, 2016    COMMENT             
Global ionosphere maps (GIM) are generated on a daily basis DESCRIPTION         
at CODE using data from about 120 GNSS sites of the IGS and DESCRIPTION         
other institutions. The vertical total electron content     DESCRIPTION         
(VTEC) is modeled in a solar-geomagnetic reference frame    DESCRIPTION         
using a spherical harmonics expansion up to degree and      DESCRIPTION         
order 15. Piece-wise linear functions are used for          DESCRIPTION         
representation in the time domain. The time spacing of      DESCRIPTION         
their vertices is 1 hour, conforming with the epochs of the DESCRIPTION         
VTEC maps.                                                  DESCRIPTION         
To convert line-of-sight TEC into vertical TEC, a modified  DESCRIPTION         
single-layer model mapping function approximating the JPL   DESCRIPTION         
extended slab model mapping function is adopted. The        DESCRIPTION         
mapping function is evaluated at geodetic satellite         DESCRIPTION         
elevation angles. For the computation of the ionospheric    DESCRIPTION         
pierce points, a spherical layer with a radius of 6821 km   DESCRIPTION         
is assumed, implying geocentric, not geodetic IONEX         DESCRIPTION         
latitudes.                                                  DESCRIPTION         
Instrumental biases with respect to each involved GNSS code DESCRIPTION         
observable are estimated as constant values for each        DESCRIPTION         
day. They are modeled with one set of bias parameters for   DESCRIPTION         
each satellite and each station in case of GPS and for each DESCRIPTION         
satellite-station link in case of GLONASS. The code bias    DESCRIPTION         
datum is defined by zero-mean conditions imposed on the     DESCRIPTION         
satellite bias estimates. In this file, just GPS C1W-C2W    DESCRIPTION         
satellite and station bias values are included. The         DESCRIPTION         
complete set of GNSS code bias results is provided in an    DESCRIPTION         
additional Bias-SINEX file as pseudo-absolute values        DESCRIPTION         
specific to each observable.                                DESCRIPTION         
Contact address: code(at)aiub.unibe.ch                      DESCRIPTION         
Data archive:    ftp.unibe.ch/aiub/CODE/                    DESCRIPTION         
                 www.aiub.unibe.ch/download/CODE/           DESCRIPTION         
  2016    12    23     0     0     0                        EPOCH OF FIRST MAP  
  2016    12    24     0     0     0                        EPOCH OF LAST MAP   
  3600                                                      INTERVAL            
    25                                                      # OF MAPS IN FILE   
  NONE                                                      MAPPING FUNCTION    
    10.0                                                    ELEVATION CUTOFF    
One-way carrier phase leveled to code                       OBSERVABLES USED    
  6371.0                                                    BASE RADIUS         
     2                                                      MAP DIMENSION       
   450.0 450.0   0.0                                        HGT1 / HGT2 / DHGT  
    87.5 -87.5  -2.5                                        LAT1 / LAT2 / DLAT  
  -180.0 180.0   5.0                                        LON1 / LON2 / DLON  
    -1                                                      EXPONENT            
TEC/RMS values in 0.1 TECU; 9999, if no value available     COMMENT             
                                                            END OF HEADER       
[from data line 6435]
    16                                                      START OF TEC MAP    
  2016    12    23    15     0     0                        EPOCH OF CURRENT MAP
    87.5-180.0 180.0   5.0 450.0                            LAT/LON1/LON2/DLON/H
   24   24   24   25   25   25   25   26   26   26   26   27   27   27   27   27
   28   28   28   28   28   28   28   28   28   28   28   28   28   28   28   28
   28   28   28   28   28   28   28   28   28   27   27   27   27   27   27   27
   27   26   26   26   26   25   25   25   25   24   24   24   24   24   23   23
   23   23   23   23   23   23   23   24   24
    85.0-180.0 180.0   5.0 450.0                            LAT/LON1/LON2/DLON/H
   19   20   21   21   22   23   24   25   25   26   27   27   28   28   28   28
   28   28   28   28   28   28   28   28   27   27   27   27   27   27   27   28
   28   28   28   28   28   28   28   28   27   27   27   27   27   27   27   26
   26   26   26   25   25   24   24   23   23   22   21   21   20   19   19   18
   18   18   17   17   17   18   18   18   19
    82.5-180.0 180.0   5.0 450.0                            LAT/LON1/LON2/DLON/H
   14   15   16   18   19   21   23   24   25   27   27   28   29   29   29   29
   29   28   28   28   27   27   27   26   26   26   26   26   27   27   27   27
   27   27   27   27   27   27   27   27   26   26   26   26   26   26   26   26
   26   26   25   25   25   24   23   22   21   20   19   18   16   15   14   13
   12   11   11   11   11   11   12   12   14
    80.0-180.0 180.0   5.0 450.0                            LAT/LON1/LON2/DLON/H
    8   10   12   14   17   19   22   24   26   28   29   30   30   30   30   30
   29   29   28   27   27   27   26   26   26   26   26   27   27   27   27   27
   27   27   27   27   27   26   26   26   25   25   24   24   24   24   25   25
   25   25   25   25   25   25   24   23   21   20   18   16   14   13   11    9
    8    7    6    5    5    5    6    7    8
    77.5-180.0 180.0   5.0 450.0                            LAT/LON1/LON2/DLON/H
    5    7    9   12   15   18   21   24   27   29   30   31   32   32   31   31
   30   29   29   28   28   28   28   28   29   29   29   29   30   30   30   30
   29   29   29   28   27   27   26   25   24   23   22   22   22   22   23   24
   24   25   26   26   26   26   25   24   23   21   19   17   14   12   10    8
    6    5    4    3    2    2    3    4    5
    75.0-180.0 180.0   5.0 450.0                            LAT/LON1/LON2/DLON/H
    5    6    8   11   14   18   21   24   27   30   32   33   33   33   33   32
   31   30   30   30   31   32   33   34   34   35   35   35   35   35   34   33
   33   32   31   30   29   27   26   24   23   22   21   20   20   20   21   22
   24   25   27   28   28   28   28   26   25   23   21   19   16   14   12   10
    8    7    6    4    4    3    3    4    5
    72.5-180.0 180.0   5.0 450.0                            LAT/LON1/LON2/DLON/H
    7    8    9   11   14   17   21   24   28   30   32   33   34   34   33   32
   32   32   32   34   36   38   40   42   43   44   44   43   42   41   39   38
   36   35   34   32   31   29   27   25   23   21   19   18   18   19   20   21
   23   25   27   28   29   29   29   28   27   25   23   21   19   17   15   14
   13   12   11   10    9    8    7    7    7
    70.0-180.0 180.0   5.0 450.0                            LAT/LON1/LON2/DLON/H
   12   11   12   13   15   17   20   24   27   29   31   33   33   33   32   32
   32   33   35   38   41   45   49   52   54   54   54   52   50   48   45   42
   40   38   36   34   33   31   28   26   24   21   19   18   18   18   19   21
   23   25   27   28   29   29   29   28   27   25   24   22   21   20   19   19
   18   18   17   17   16   15   13   12   12
    67.5-180.0 180.0   5.0 450.0                            LAT/LON1/LON2/DLON/H
   17   15   15   15   16   17   20   22   25   27   29   30   31   31   30   31
   31   34   37   42   47   53   58   61   64   64   63   61   57   54   50   46
   43   41   38   37   35   33   30   28   26   23   21   19   18   18   19   20
   22   24   26   27   28   28   27   26   25   24   23   22   22   22   22   22
   23   24   24   24   23   22   20   19   17
    65.0-180.0 180.0   5.0 450.0                            LAT/LON1/LON2/DLON/H
   22   19   18   17   17   17   19   20   23   25   26   27   28   28   28   28
   30   33   38   44   51   58   65   69   72   72   70   67   63   58   54   50
   46   43   41   39   37   35   33   31   28   26   24   22   20   20   20   21
   22   23   24   25   25   25   24   23   22   22   21   21   22   22   23   24
   26   27   28   29   29   28   26   24   22
    62.5-180.0 180.0   5.0 450.0                            LAT/LON1/LON2/DLON/H
   25   22   20   19   18   18   18   19   20   21   23   23   24   24   24   26
   28   32   38   46   54   62   69   74   76   76   74   71   67   62   58   54
   50   47   44   42   40   38   36   34   32   30   28   26   24   22   22   22
   22   23   23   23   22   22   21   20   20   20   20   21   21   22   23   24
   26   28   30   31   31   31   29   27   25
    60.0-180.0 180.0   5.0 450.0                            LAT/LON1/LON2/DLON/H
   27   24   23   21   20   19   18   18   18   19   19   20   20   21   22   24
   27   32   38   46   54   63   70   75   77   78   76   73   70   67   63   60
   57   54   50   47   45   42   41   39   37   35   33   31   28   26   25   24
   23   23   22   22   21   20   19   19   20   20   21   22   22   22   23   24
   25   27   29   30   31   31   30   29   27
    57.5-180.0 180.0   5.0 450.0                            LAT/LON1/LON2/DLON/H
   28   26   25   24   23   21   20   19   18   18   18   18   18   19   20   23
   27   32   39   46   55   62   69   74   76   77   76   75   74   72   71   69
   66   62   58   54   51   48   46   45   43   41   39   37   34   32   30   28
   27   25   24   23   22   21   21   22   23   24   25   26   26   25   24   24
   24   25   27   29   30   31   30   29   28
    55.0-180.0 180.0   5.0 450.0                            LAT/LON1/LON2/DLON/H
   29   28   28   28   27   26   24   22   20   19   18   18   18   19   21   24
   29   35   41   48   55   63   69   73   76   77   78   78   79   80   80   80
   77   73   68   63   59   55   53   51   50   48   46   44   41   39   36   34
   32   31   30   28   27   27   28   29   30   32   33   33   32   30   28   27
   26   26   27   28   30   30   30   30   29
    52.5-180.0 180.0   5.0 450.0                            LAT/LON1/LON2/DLON/H
   32   32   33   33   33   32   30   28   25   23   21   20   20   21   24   28
   34   40   46   52   59   65   70   74   77   79   81   83   86   89   91   91
   89   84   78   73   67   63   60   58   57   56   54   52   50   47   45   43
   41   40   38   37   37   37   37   39   41   43   44   43   42   39   36   32
   30   29   30   31   32   32   32   32   32
    50.0-180.0 180.0   5.0 450.0                            LAT/LON1/LON2/DLON/H
   37   37   39   40   41   40   38   35   32   29   26   25   25   26   30   35
   42   48   54   59   65   70   75   79   82   85   87   90   94   97  100  100
   98   93   87   81   75   71   68   67   65   64   63   61   59   57   55   53
   52   51   50   49   49   49   50   51   53   54   55   54   52   49   45   41
   38   36   36   37   37   38   37   37   37
    47.5-180.0 180.0   5.0 450.0                            LAT/LON1/LON2/DLON/H
   43   44   45   47   48   48   46   43   40   36   34   32   32   34   38   45
   52   58   64   69   74   79   84   88   91   94   96   98  101  104  106  105
  102   98   92   87   83   80   77   76   74   73   72   71   69   67   66   65
   64   64   63   62   61   61   62   63   64   65   65   64   61   58   55   51
   47   45   45   45   45   45   45   44   43
    45.0-180.0 180.0   5.0 450.0                            LAT/LON1/LON2/DLON/H
   50   50   52   54   55   54   53   50   47   45   42   41   41   44   49   56
   63   70   76   80   85   90   95  100  103  105  106  107  107  108  107  105
  102   98   94   91   89   88   86   85   84   83   82   80   79   77   77   77
   77   77   76   74   73   72   71   71   72   71   71   70   68   66   63   60
   57   54   54   54   54   54   53   51   50
    42.5-180.0 180.0   5.0 450.0                            LAT/LON1/LON2/DLON/H
   55   55   56   58   59   59   57   55   53   52   51   50   51   54   60   68
   75   82   87   92   96  101  107  113  116  117  116  114  111  108  105  102
   98   96   95   95   96   97   97   96   94   93   91   90   88   87   87   87
   87   87   86   84   81   79   78   76   75   74   73   72   71   70   68   66
   64   62   61   61   61   61   59   57   55
    40.0-180.0 180.0   5.0 450.0                            LAT/LON1/LON2/DLON/H
   58   57   58   59   60   60   59   57   57   57   58   59   61   66   72   79
   87   93   98  102  107  112  119  125  128  128  125  120  114  107  102   97
   95   95   97  101  105  107  108  107  105  103  101   98   96   95   95   95
   95   94   92   89   86   83   80   78   75   73   71   70   70   70   70   69
   67   65   64   64   65   64   63   60   58
    37.5-180.0 180.0   5.0 450.0                            LAT/LON1/LON2/DLON/H
   58   57   57   58   58   58   57   56   57   60   63   66   71   76   83   91
   98  103  107  111  115  121  128  134  137  136  131  124  116  108  102   97
   96   99  104  111  117  120  121  119  116  113  109  106  104  102  101  100
  100   98   96   92   87   84   80   77   74   71   68   67   67   68   69   68
   67   65   63   63   64   64   63   60   58
    35.0-180.0 180.0   5.0 450.0                            LAT/LON1/LON2/DLON/H
   55   54   54   54   54   54   53   53   55   59   65   71   78   86   93  100
  106  111  114  118  122  128  134  140  142  141  136  129  121  114  108  106
  107  112  119  127  133  136  135  132  128  122  118  113  110  107  105  103
  102  100   96   92   87   83   80   76   72   69   66   64   65   66   67   66
   64   62   59   59   59   60   60   58   55
    32.5-180.0 180.0   5.0 450.0                            LAT/LON1/LON2/DLON/H
   52   50   50   50   49   48   47   48   51   56   64   74   84   93  102  108
  113  117  120  123  127  133  138  142  144  144  141  136  131  127  124  125
  130  137  144  150  154  154  151  145  138  132  126  120  115  111  108  106
  104  101   97   92   88   84   81   77   73   69   66   64   64   64   65   64
   61   58   55   54   54   55   55   54   52
    30.0-180.0 180.0   5.0 450.0                            LAT/LON1/LON2/DLON/H
   49   48   47   46   45   44   43   43   46   52   62   74   87   99  108  114
  119  122  125  128  132  136  140  143  145  146  147  147  147  148  151  156
  163  170  176  178  177  172  165  157  148  140  133  127  122  117  113  110
  106  102   98   94   91   88   85   81   77   73   70   67   66   65   65   63
   60   56   52   50   50   51   52   51   49
    27.5-180.0 180.0   5.0 450.0                            LAT/LON1/LON2/DLON/H
   49   48   46   45   44   42   41   40   43   49   59   74   89  102  112  119
  123  127  130  134  137  140  142  144  146  150  155  161  168  176  185  194
  203  210  211  208  200  189  178  167  157  149  142  136  130  125  120  115
  111  107  103   99   97   94   91   88   84   80   76   73   70   68   67   65
   61   57   52   49   49   50   51   51   49
    25.0-180.0 180.0   5.0 450.0                            LAT/LON1/LON2/DLON/H
   52   50   48   47   45   43   42   41   42   47   57   73   89  104  115  122
  127  131  136  140  143  145  145  146  149  156  166  179  193  208  221  234
  244  247  244  234  219  203  188  175  165  157  151  146  141  136  130  125
  119  114  110  107  105  102   99   95   91   87   83   79   75   72   70   68
   65   60   56   53   52   52   53   53   52
    22.5-180.0 180.0   5.0 450.0                            LAT/LON1/LON2/DLON/H
   57   55   53   51   49   47   45   44   44   48   57   73   90  106  117  124
  130  136  142  147  151  151  150  150  155  165  181  199  219  238  255  269
  277  278  269  252  232  212  195  182  173  166  162  158  154  149  143  136
  130  124  119  116  113  110  106  101   96   92   88   84   80   76   73   71
   69   66   62   59   57   57   58   58   57
    20.0-180.0 180.0   5.0 450.0                            LAT/LON1/LON2/DLON/H
   61   60   57   55   53   52   51   49   49   51   60   74   92  108  119  127
  133  141  149  155  159  158  157  158  165  178  197  219  241  262  279  292
  299  295  282  261  237  216  199  188  181  177  174  172  170  165  158  150
  141  133  128  124  120  116  110  104   98   94   90   86   82   78   75   74
   73   71   68   65   63   63   63   63   61
    17.5-180.0 180.0   5.0 450.0                            LAT/LON1/LON2/DLON/H
   65   63   60   58   57   57   57   56   55   56   64   78   95  111  122  130
  138  147  156  164  167  167  166  169  178  194  215  237  258  277  292  302
  305  299  283  261  237  218  203  195  190  188  188  188  186  182  174  163
  152  142  135  129  124  118  111  103   97   93   89   85   81   77   74   74
   75   74   73   70   68   67   66   66   65
    15.0-180.0 180.0   5.0 450.0                            LAT/LON1/LON2/DLON/H
   64   62   60   58   58   59   60   60   60   62   70   83  100  115  126  134
  144  154  165  172  175  176  177  183  194  211  231  251  269  283  293  299
  299  291  275  255  235  219  209  204  202  202  203  203  202  197  187  174
  160  148  139  132  125  117  109  101   94   90   86   83   78   74   72   72
   74   74   74   71   69   68   67   65   64
    12.5-180.0 180.0   5.0 450.0                            LAT/LON1/LON2/DLON/H
   60   58   56   55   55   57   60   62   63   67   75   89  105  120  131  140
  151  162  173  180  183  185  189  197  211  228  246  262  273  281  285  287
  284  277  264  249  235  224  219  216  216  217  218  218  216  209  197  181
  165  151  140  132  124  115  107   99   93   88   85   81   77   72   70   70
   71   72   71   69   67   65   63   61   60
    10.0-180.0 180.0   5.0 450.0                            LAT/LON1/LON2/DLON/H
   53   51   49   48   48   51   55   59   63   69   79   94  111  125  136  147
  158  171  182  188  192  195  201  213  228  244  259  269  274  275  274  272
  269  263  256  247  240  235  233  232  232  232  232  231  227  218  204  186
  167  152  140  132  124  115  107  100   95   91   88   84   79   74   70   69
   69   69   67   65   62   59   57   54   53
     7.5-180.0 180.0   5.0 450.0                            LAT/LON1/LON2/DLON/H
   44   42   41   39   40   43   48   53   60   68   81   98  115  130  142  154
  167  180  191  197  200  205  214  228  244  259  268  273  272  269  264  261
  259  257  255  254  253  252  252  251  249  248  245  242  235  224  207  188
  169  153  142  134  127  120  114  108  104  101   97   92   86   80   75   72
   69   67   64   61   57   54   50   47   44
     5.0-180.0 180.0   5.0 450.0                            LAT/LON1/LON2/DLON/H
   38   35   33   31   31   34   39   45   53   64   80   99  118  134  147  160
  174  188  199  205  209  215  227  243  258  270  275  275  271  265  261  259
  259  262  265  269  273  274  274  271  267  262  256  249  240  227  210  190
  172  158  148  141  136  131  126  123  120  117  113  107  100   92   86   80
   74   69   64   60   55   51   46   41   38
     2.5-180.0 180.0   5.0 450.0                            LAT/LON1/LON2/DLON/H
   35   32   29   27   26   27   31   37   46   59   77   98  119  136  151  165
  180  195  206  213  218  226  239  255  269  278  280  277  271  267  265  266
  270  277  284  292  297  298  295  289  282  273  265  255  244  229  212  194
  178  166  159  154  150  147  145  143  141  138  132  126  118  110  101   93
   85   77   70   64   58   52   46   40   35
