IONEX/c2pg3570.16i
     1.0            IONOSPHERE MAPS     GNSS                IONEX VERSION / TYPE
IONINX V5.3         AIUB                21-DEC-16 08:03     PGM / RUN BY / DATE 
CODE'S 2-DAY PREDICTED IONOSPHERE MAPS FOR DAY 357, 2016    COMMENT             
Global ionosphere maps (GIM) are generated on a daily basis DESCRIPTION         
at CODE using data from about 120 GNSS sites of the IGS and DESCRIPTION         
other institutions. The vertical total electron content     DESCRIPTION         
(VTEC) is modeled in a solar-geomagnetic reference frame    DESCRIPTION         
using a spherical harmonics expansion up to degree and      DESCRIPTION         
order 15. Piece-wise linear functions are used for          DESCRIPTION         
representation in the time domain. The time spacing of      DESCRIPTION         
their vertices is 1 hour, conforming with the epochs of the DESCRIPTION         
VTEC maps.                                                  DESCRIPTION         
To convert line-of-sight TEC into vertical TEC, a modified  DESCRIPTION         
single-layer model mapping function approximating the JPL   DESCRIPTION         
extended slab model mapping function is adopted. The        DESCRIPTION         
mapping function is evaluated at geodetic satellite         DESCRIPTION         
elevation angles. For the computation of the ionospheric    DESCRIPTION         
pierce points, a spherical layer with a radius of 6821 km   DESCRIPTION         
is assumed, implying geocentric, not geodetic IONEX         DESCRIPTION         
latitudes.                                                  DESCRIPTION         
Instrumental biases with respect to each involved GNSS code DESCRIPTION         
observable are estimated as constant values for each        DESCRIPTION         
day. They are modeled with one set of bias parameters for   DESCRIPTION         
each satellite and each station in case of GPS and for each DESCRIPTION         
satellite-station link in case of GLONASS. The code bias    DESCRIPTION         
datum is defined by zero-mean conditions imposed on the     DESCRIPTION         
satellite bias estimates. In this file, just GPS C1W-C2W    DESCRIPTION         
satellite and station bias values are included. The         DESCRIPTION         
complete set of GNSS code bias results is provided in an    DESCRIPTION         
additional Bias-SINEX file as pseudo-absolute values        DESCRIPTION         
specific to each observable.                                DESCRIPTION         
Contact address: code(at)aiub.unibe.ch                      DESCRIPTION         
Data archive:    ftp.unibe.ch/aiub/CODE/                    DESCRIPTION         
                 www.aiub.unibe.ch/download/CODE/           DESCRIPTION         
  2016    12    22     0     0     0                        EPOCH OF FIRST MAP  
  2016    12    23     0     0     0                        EPOCH OF LAST MAP   
  3600                                                      INTERVAL            
    25                                                      # OF MAPS IN FILE   
  NONE                                                      MAPPING FUNCTION    
    10.0                                                    ELEVATION CUTOFF    
One-way carrier phase leveled to code                       OBSERVABLES USED    
  6371.0                                                    BASE RADIUS         
     2                                                      MAP DIMENSION       
   450.0 450.0   0.0                                        HGT1 / HGT2 / DHGT  
    87.5 -87.5  -2.5                                        LAT1 / LAT2 / DLAT  
  -180.0 180.0   5.0                                        LON1 / LON2 / DLON  
    -1                                                      EXPONENT            
TEC/RMS values in 0.1 TECU; 9999, if no value available     COMMENT             
                                                            END OF HEADER       
[from data line 3432]
     9                                                      START OF TEC MAP    
  2016    12    22     8     0     0                        EPOCH OF CURRENT MAP
    87.5-180.0 180.0   5.0 450.0                            LAT/LON1/LON2/DLON/H
   27   27   28   28   28   28   29   29   29   29   29   29   29   29   29   29
   29   29   29   29   29   29   29   29   29   29   29   29   29   28   28   28
   28   28   27   27   27   27   26   26   26   26   25   25   25   25   24   24
   24   24   24   23   23   23   23   23   23   23   23   23   24   24   24   24
   24   25   25   25   26   26   26   27   27
    85.0-180.0 180.0   5.0 450.0                            LAT/LON1/LON2/DLON/H
   25   26   26   27   28   28   29   29   29   29   29   29   29   29   29   29
   29   28   28   28   28   28   28   28   28   28   28   28   28   28   28   27
   27   27   26   26   25   25   24   24   23   23   22   22   21   21   20   20
   20   19   19   19   18   18   18   18   18   18   18   18   18   18   19   19
   20   20   21   21   22   23   24   24   25
    82.5-180.0 180.0   5.0 450.0                            LAT/LON1/LON2/DLON/H
   22   23   24   25   26   27   28   28   28   28   28   27   27   27   26   26
   25   25   25   25   25   25   26   26   26   26   26   26   27   26   26   26
   26   25   25   24   23   22   22   21   20   20   19   18   18   17   17   16
   16   16   15   15   15   15   14   14   14   14   13   13   13   13   13   14
   14   15   15   16   17   18   20   21   22
    80.0-180.0 180.0   5.0 450.0                            LAT/LON1/LON2/DLON/H
   19   20   22   23   25   26   26   27   27   26   26   25   24   23   22   22
   21   21   21   21   22   22   23   23   24   25   25   25   25   25   25   25
   24   23   23   22   21   20   19   18   17   17   16   16   15   15   15   15
   15   15   15   15   14   14   14   13   13   12   11   11   10   10   10   10
   10   10   11   11   12   14   15   17   19
    77.5-180.0 180.0   5.0 450.0                            LAT/LON1/LON2/DLON/H
   15   17   19   21   23   24   25   25   25   24   23   22   21   19   18   17
   17   17   18   18   19   20   22   23   24   24   25   25   25   25   24   23
   22   21   20   19   18   17   16   15   15   14   14   14   15   15   16   16
   17   17   18   18   18   17   17   16   15   14   13   12   11   10    9    8
    8    7    7    8    9   10   11   13   15
    75.0-180.0 180.0   5.0 450.0                            LAT/LON1/LON2/DLON/H
   13   15   17   19   21   23   24   24   24   23   21   20   18   16   15   15
   14   15   16   17   19   21   23   24   25   26   26   26   25   24   23   22
   21   19   18   17   15   15   14   13   13   14   14   15   17   18   20   21
   23   24   25   25   25   25   24   23   22   20   19   17   15   13   12   10
    9    8    7    7    7    8    9   11   13
    72.5-180.0 180.0   5.0 450.0                            LAT/LON1/LON2/DLON/H
   11   13   16   18   20   22   23   23   23   21   20   18   16   15   14   13
   14   15   17   19   21   24   26   28   28   29   28   27   26   24   22   20
   18   17   15   14   13   12   12   13   13   15   16   19   21   24   26   29
   31   33   34   35   35   35   34   32   31   29   27   24   22   20   18   15
   13   11   10    9    8    8    9   10   11
    70.0-180.0 180.0   5.0 450.0                            LAT/LON1/LON2/DLON/H
   11   13   15   17   19   21   22   22   22   21   19   17   16   14   13   14
   14   16   19   22   25   28   30   31   32   31   30   27   25   22   20   17
   15   13   12   11   11   11   12   13   15   17   21   24   28   32   35   39
   42   44   45   46   46   45   44   42   40   38   35   33   30   28   25   22
   20   17   15   13   11   10   10   10   11
    67.5-180.0 180.0   5.0 450.0                            LAT/LON1/LON2/DLON/H
   13   13   15   16   18   19   20   21   20   20   18   17   16   15   14   15
   16   18   21   24   28   30   32   33   33   32   29   26   23   19   16   14
   12   10   10   10   10   11   13   16   19   22   27   31   36   41   45   49
   52   54   56   56   55   54   52   50   48   45   43   40   38   35   32   29
   26   24   21   18   16   14   13   13   13
    65.0-180.0 180.0   5.0 450.0                            LAT/LON1/LON2/DLON/H
   15   15   15   16   17   18   19   19   19   18   17   16   16   15   15   16
   17   20   22   25   28   31   32   33   32   30   26   23   19   15   12   10
    9    8    8    9   11   13   16   20   24   29   34   40   45   50   55   58
   61   63   63   63   62   60   58   56   53   51   48   46   43   41   38   35
   32   29   26   24   21   19   17   15   15
    62.5-180.0 180.0   5.0 450.0                            LAT/LON1/LON2/DLON/H
   17   16   16   16   16   17   17   17   17   17   16   16   15   15   16   17
   18   20   22   24   26   28   29   29   27   25   22   18   14   11    9    7
    7    8    9   11   14   18   22   27   32   38   43   49   54   59   63   66
   68   68   68   67   66   64   61   59   57   54   52   49   47   44   42   39
   36   34   31   28   25   22   20   18   17
    60.0-180.0 180.0   5.0 450.0                            LAT/LON1/LON2/DLON/H
   19   18   17   17   16   16   16   15   15   15   15   15   15   15   16   16
   17   18   19   20   21   22   23   22   21   19   16   13   10    8    7    7
    8   10   12   16   20   24   30   35   41   47   53   58   63   67   69   71
   72   71   70   69   67   65   63   61   59   57   55   52   49   47   44   41
   39   36   33   31   28   26   23   21   19
    57.5-180.0 180.0   5.0 450.0                            LAT/LON1/LON2/DLON/H
   22   21   20   18   18   17   16   15   14   14   13   14   14   15   16   16
   16   15   15   15   15   15   16   16   15   14   12   10    8    7    7    9
   11   14   18   22   27   33   39   45   52   58   63   68   71   73   75   75
   74   73   71   69   67   66   64   63   61   60   58   55   52   49   45   43
   40   37   35   32   30   28   26   24   22
    55.0-180.0 180.0   5.0 450.0                            LAT/LON1/LON2/DLON/H
   26   25   23   22   21   20   18   17   15   14   14   14   15   16   16   16
   15   14   12   10   10   10   10   11   11   11   10    9    8    9   10   13
   17   21   26   31   37   43   50   56   63   69   73   77   79   80   79   78
   76   74   72   70   68   67   67   66   65   64   62   59   55   51   47   44
   41   38   36   34   32   30   29   27   26
    52.5-180.0 180.0   5.0 450.0                            LAT/LON1/LON2/DLON/H
   31   30   29   28   27   25   24   21   19   17   16   17   17   18   18   17
   16   14   11    9    8    8    9   11   12   12   12   12   12   13   16   19
   24   29   34   40   47   54   61   67   74   79   83   86   86   86   84   82
   79   76   74   72   71   71   71   71   71   70   68   64   60   55   50   46
   43   40   37   35   34   33   32   31   31
    50.0-180.0 180.0   5.0 450.0                            LAT/LON1/LON2/DLON/H
   36   36   36   35   35   34   32   29   26   23   22   22   22   22   22   21
   19   17   14   12   11   11   13   15   17   18   18   18   18   19   22   26
   31   37   43   49   56   64   71   78   84   89   93   94   94   93   90   87
   84   81   78   77   76   76   77   77   77   76   74   70   65   59   54   50
   46   43   40   38   36   36   36   36   36
    47.5-180.0 180.0   5.0 450.0                            LAT/LON1/LON2/DLON/H
   42   43   43   44   44   43   41   39   35   32   30   30   29   29   29   27
   25   23   21   20   20   20   22   25   27   28   27   26   25   26   29   33
   38   44   50   57   65   73   80   87   93   98  102  103  103  100   97   94
   90   87   85   83   82   82   82   83   83   82   79   75   69   64   59   54
   50   46   43   41   40   40   40   41   42
    45.0-180.0 180.0   5.0 450.0                            LAT/LON1/LON2/DLON/H
   48   49   50   51   52   53   52   49   46   43   41   40   39   39   37   36
   34   33   32   32   32   34   36   38   40   39   37   35   33   33   34   38
   43   49   56   64   72   80   88   95  102  107  110  111  111  109  106  102
   99   95   93   90   88   87   87   87   86   85   82   78   72   67   62   58
   54   50   47   45   44   44   45   46   48
    42.5-180.0 180.0   5.0 450.0                            LAT/LON1/LON2/DLON/H
   52   53   55   57   59   60   60   59   57   54   53   52   51   50   48   46
   45   45   45   46   47   49   51   52   53   51   47   43   39   38   39   42
   47   54   61   70   78   87   95  102  109  114  117  119  119  117  114  111
  107  104  100   97   94   91   89   88   87   85   82   78   74   69   65   61
   57   54   51   48   47   47   48   50   52
    40.0-180.0 180.0   5.0 450.0                            LAT/LON1/LON2/DLON/H
   54   55   57   59   62   65   66   66   65   64   63   63   63   61   59   57
   56   57   59   61   63   64   65   65   64   61   56   50   45   42   42   45
   50   57   66   75   85   94  102  109  115  120  124  126  126  125  122  119
  115  111  107  103   98   94   91   88   86   84   81   78   74   70   67   63
   60   57   54   51   49   49   50   52   54
    37.5-180.0 180.0   5.0 450.0                            LAT/LON1/LON2/DLON/H
   54   55   56   58   61   65   68   69   69   70   71   72   73   71   69   67
   66   68   71   74   75   76   76   75   72   68   61   55   49   46   46   48
   54   61   71   81   91  100  108  115  121  125  129  132  132  131  129  126
  123  118  113  108  102   97   93   89   86   84   82   79   76   73   70   67
   63   60   56   52   50   50   51   52   54
    35.0-180.0 180.0   5.0 450.0                            LAT/LON1/LON2/DLON/H
   53   53   54   55   58   62   65   68   70   72   75   78   80   79   76   74
   74   76   80   83   84   84   83   80   76   71   65   58   53   49   49   52
   58   67   77   88   99  108  115  121  126  131  134  136  137  137  135  133
  129  125  120  114  108  103   98   94   91   89   87   85   82   79   76   72
   68   63   59   55   52   50   51   52   53
    32.5-180.0 180.0   5.0 450.0                            LAT/LON1/LON2/DLON/H
   52   51   51   52   54   57   60   63   66   70   75   80   83   83   81   79
   79   82   85   88   89   88   85   81   77   72   66   60   56   53   54   57
   64   73   84   96  107  116  123  128  132  136  139  141  142  142  141  139
  136  132  128  123  118  113  109  106  103  101  100   98   95   92   87   82
   76   70   64   59   54   52   51   51   52
    30.0-180.0 180.0   5.0 450.0                            LAT/LON1/LON2/DLON/H
   53   52   51   50   51   53   55   58   62   66   72   78   82   83   82   81
   81   84   87   90   90   88   84   79   74   70   66   62   59   57   59   63
   70   80   92  104  116  125  131  135  139  142  145  147  148  148  148  147
  145  143  139  136  133  130  127  125  124  122  121  119  116  111  105   98
   90   82   74   67   61   56   54   54   53
    27.5-180.0 180.0   5.0 450.0                            LAT/LON1/LON2/DLON/H
   58   56   54   52   51   51   52   54   57   61   67   73   78   80   80   80
   81   84   87   88   88   85   80   75   70   67   65   63   61   61   63   68
   76   87   99  113  125  134  140  143  146  149  152  154  155  157  158  158
  158  156  155  154  154  153  153  152  151  150  149  146  143  137  129  119
  109   98   89   80   71   65   61   59   58
    25.0-180.0 180.0   5.0 450.0                            LAT/LON1/LON2/DLON/H
   67   65   62   58   56   54   53   54   55   58   63   69   73   76   77   78
   79   82   84   85   84   80   75   70   66   63   62   62   62   63   66   71
   80   92  106  120  132  142  148  152  155  158  161  163  166  169  171  173
  174  174  175  177  179  180  182  182  182  182  180  177  173  166  156  145
  132  120  108   97   87   79   73   69   67
    22.5-180.0 180.0   5.0 450.0                            LAT/LON1/LON2/DLON/H
   80   77   74   69   64   61   58   57   57   58   61   65   69   72   73   75
   77   79   80   81   79   76   71   66   62   60   59   60   60   62   66   73
   83   96  110  125  139  149  156  161  165  169  172  176  180  184  188  192
  194  195  198  201  205  209  211  213  213  212  210  207  202  195  184  172
  158  144  131  118  106   96   88   83   80
    20.0-180.0 180.0   5.0 450.0                            LAT/LON1/LON2/DLON/H
   95   91   87   82   76   70   67   64   62   62   63   65   67   69   71   73
   75   76   77   77   75   72   67   62   58   56   55   56   57   59   63   72
   83   97  113  129  143  155  163  170  175  181  186  191  196  202  208  212
  215  217  221  225  230  234  237  238  238  236  234  231  227  220  210  197
  183  168  155  141  127  115  105   99   95
    17.5-180.0 180.0   5.0 450.0                            LAT/LON1/LON2/DLON/H
  109  105  100   94   87   81   76   73   71   69   68   68   68   69   70   72
   74   74   74   73   72   69   65   59   55   52   51   50   51   53   59   69
   82   97  114  130  146  159  169  178  186  193  200  207  213  221  228  233
  236  238  241  246  251  254  256  256  255  253  251  248  245  239  230  218
  205  191  176  162  147  133  122  114  109
    15.0-180.0 180.0   5.0 450.0                            LAT/LON1/LON2/DLON/H
  120  115  109  103   95   89   85   82   80   78   75   73   72   71   71   72
   73   73   72   71   70   67   63   58   52   48   46   45   45   47   54   65
   80   96  113  131  147  162  174  185  195  205  213  222  230  238  245  250
  253  255  258  262  265  267  267  265  263  261  259  257  255  251  244  234
  222  209  195  179  164  148  136  126  120
    12.5-180.0 180.0   5.0 450.0                            LAT/LON1/LON2/DLON/H
  126  120  114  107  100   94   90   89   87   86   83   80   77   75   74   73
   73   72   71   69   68   66   63   57   51   46   43   40   39   42   50   63
   79   96  113  131  147  163  177  190  202  214  224  234  243  252  259  263
  265  267  269  272  274  274  272  269  266  264  262  261  261  259  254  246
  236  223  209  193  176  160  146  135  126
    10.0-180.0 180.0   5.0 450.0                            LAT/LON1/LON2/DLON/H
  129  121  114  106   99   94   91   91   91   91   89   85   82   78   76   74
   73   71   70   68   67   66   62   57   51   45   41   37   36   39   48   62
   79   97  113  130  147  163  178  192  206  219  231  242  252  260  267  271
  272  273  275  277  278  277  274  270  267  265  265  265  265  264  261  255
  246  234  219  202  184  167  152  139  129
     7.5-180.0 180.0   5.0 450.0                            LAT/LON1/LON2/DLON/H
  130  120  111  102   95   90   89   90   92   92   91   88   84   81   77   74
   72   70   68   67   67   65   62   57   51   45   40   37   36   39   49   64
   81   98  114  130  146  161  177  192  207  221  234  245  254  263  269  273
  274  275  277  280  281  280  276  273  271  271  271  272  272  272  269  264
  255  243  228  209  191  172  156  142  130
     5.0-180.0 180.0   5.0 450.0                            LAT/LON1/LON2/DLON/H
  130  118  108   98   91   86   84   86   88   90   89   87   84   80   76   72
   69   67   66   66   65   64   62   57   51   46   42   39   38   41   51   67
   84  101  115  129  144  159  174  189  204  219  231  243  252  261  267  270
  272  274  278  283  285  285  283  281  281  282  284  285  285  283  280  274
  265  252  236  216  196  177  160  144  130
     2.5-180.0 180.0   5.0 450.0                            LAT/LON1/LON2/DLON/H
  134  120  107   97   88   83   81   82   84   85   85   83   81   77   72   68
   65   63   63   63   64   63   60   56   52   48   45   42   41   45   55   70
   87  103  116  129  142  156  170  185  199  214  226  237  247  256  262  266
  269  273  279  286  291  294  294  295  298  301  303  304  302  298  293  286
  276  262  245  224  203  184  166  149  134
