IONEX/c2pg3570.16i
     1.0            IONOSPHERE MAPS     GNSS                IONEX VERSION / TYPE
IONINX V5.3         AIUB                21-DEC-16 08:03     PGM / RUN BY / DATE 
CODE'S 2-DAY PREDICTED IONOSPHERE MAPS FOR DAY 357, 2016    COMMENT             
Global ionosphere maps (GIM) are generated on a daily basis DESCRIPTION         
at CODE using data from about 120 GNSS sites of the IGS and DESCRIPTION         
other institutions. The vertical total electron content     DESCRIPTION         
(VTEC) is modeled in a solar-geomagnetic reference frame    DESCRIPTION         
using a spherical harmonics expansion up to degree and      DESCRIPTION         
order 15. Piece-wise linear functions are used for          DESCRIPTION         
representation in the time domain. The time spacing of      DESCRIPTION         
their vertices is 1 hour, conforming with the epochs of the DESCRIPTION         
VTEC maps.                                                  DESCRIPTION         
To convert line-of-sight TEC into vertical TEC, a modified  DESCRIPTION         
single-layer model mapping function approximating the JPL   DESCRIPTION         
extended slab model mapping function is adopted. The        DESCRIPTION         
mapping function is evaluated at geodetic satellite         DESCRIPTION         
elevation angles. For the computation of the ionospheric    DESCRIPTION         
pierce points, a spherical layer with a radius of 6821 km   DESCRIPTION         
is assumed, implying geocentric, not geodetic IONEX         DESCRIPTION         
latitudes.                                                  DESCRIPTION         
Instrumental biases with respect to each involved GNSS code DESCRIPTION         
observable are estimated as constant values for each        DESCRIPTION         
day. They are modeled with one set of bias parameters for   DESCRIPTION         
each satellite and each station in case of GPS and for each DESCRIPTION         
satellite-station link in case of GLONASS. The code bias    DESCRIPTION         
datum is defined by zero-mean conditions imposed on the     DESCRIPTION         
satellite bias estimates. In this file, just GPS C1W-C2W    DESCRIPTION         
satellite and station bias values are included. The         DESCRIPTION         
complete set of GNSS code bias results is provided in an    DESCRIPTION         
additional Bias-SINEX file as pseudo-absolute values        DESCRIPTION         
specific to each observable.                                DESCRIPTION         
Contact address: code(at)aiub.unibe.ch                      DESCRIPTION         
Data archive:    ftp.unibe.ch/aiub/CODE/                    DESCRIPTION         
                 www.aiub.unibe.ch/download/CODE/           DESCRIPTION         
  2016    12    22     0     0     0                        EPOCH OF FIRST MAP  
  2016    12    23     0     0     0                        EPOCH OF LAST MAP   
  3600                                                      INTERVAL            
    25                                                      # OF MAPS IN FILE   
  NONE                                                      MAPPING FUNCTION    
    10.0                                                    ELEVATION CUTOFF    
One-way carrier phase leveled to code                       OBSERVABLES USED    
  6371.0                                                    BASE RADIUS         
     2                                                      MAP DIMENSION       
   450.0 450.0   0.0                                        HGT1 / HGT2 / DHGT  
    87.5 -87.5  -2.5                                        LAT1 / LAT2 / DLAT  
  -180.0 180.0   5.0                                        LON1 / LON2 / DLON  
    -1                                                      EXPONENT            
TEC/RMS values in 0.1 TECU; 9999, if no value available     COMMENT             
                                                            END OF HEADER       
[from data line 1716]
     5                                                      START OF TEC MAP    
  2016    12    22     4     0     0                        EPOCH OF CURRENT MAP
    87.5-180.0 180.0   5.0 450.0                            LAT/LON1/LON2/DLON/H
   23   23   23   23   23   23   23   23   23   23   23   23   23   23   23   22
   22   22   22   22   22   22   22   22   22   22   22   22   22   22   22   22
   22   22   22   22   22   22   22   22   22   21   21   21   21   21   21   21
   21   21   21   21   21   21   21   21   21   21   21   21   21   21   21   22
   22   22   22   22   22   22   22   23   23
    85.0-180.0 180.0   5.0 450.0                            LAT/LON1/LON2/DLON/H
   23   23   24   24   24   24   24   24   24   24   24   23   23   23   22   22
   21   21   21   20   20   20   20   20   20   20   20   20   20   21   21   21
   21   21   22   22   22   22   22   22   21   21   21   21   20   20   20   20
   20   20   19   19   19   19   19   19   20   20   20   20   20   20   20   20
   21   21   21   21   22   22   22   23   23
    82.5-180.0 180.0   5.0 450.0                            LAT/LON1/LON2/DLON/H
   23   23   24   24   25   25   25   25   25   25   25   24   23   22   22   21
   20   19   18   17   17   17   16   17   17   17   18   18   19   20   20   21
   22   22   22   23   23   23   22   22   21   21   20   20   19   19   18   18
   18   18   18   18   18   18   18   19   19   19   19   19   19   19   20   20
   20   20   20   21   21   21   22   22   23
    80.0-180.0 180.0   5.0 450.0                            LAT/LON1/LON2/DLON/H
   23   23   24   25   25   26   26   26   26   26   25   24   23   22   21   19
   18   17   15   14   14   13   13   14   14   15   16   17   19   20   21   22
   23   24   24   24   24   24   23   22   21   20   19   18   17   17   16   16
   16   16   17   17   18   18   19   19   20   20   21   21   21   21   21   21
   20   20   20   20   21   21   21   22   23
    77.5-180.0 180.0   5.0 450.0                            LAT/LON1/LON2/DLON/H
   23   23   24   25   25   26   26   27   26   26   25   24   23   21   20   18
   16   15   13   12   12   11   11   12   13   14   16   18   19   21   23   24
   25   26   26   26   25   24   23   22   20   19   17   16   15   14   14   14
   15   15   16   18   19   20   21   22   23   24   25   25   25   25   24   24
   23   23   22   22   22   22   22   22   23
    75.0-180.0 180.0   5.0 450.0                            LAT/LON1/LON2/DLON/H
   23   23   24   24   25   25   26   26   26   26   25   24   22   21   19   17
   15   13   12   11   11   11   11   12   14   15   17   19   21   23   25   26
   27   28   28   27   26   24   22   20   18   16   14   13   12   11   12   12
   13   15   17   19   21   24   26   28   29   30   31   32   32   31   30   29
   28   27   26   25   24   24   23   23   23
    72.5-180.0 180.0   5.0 450.0                            LAT/LON1/LON2/DLON/H
   25   24   24   24   24   25   25   25   25   25   24   23   22   20   18   16
   15   13   12   12   12   12   13   15   16   18   20   21   23   25   26   27
   28   28   27   26   24   22   20   17   15   12   11   10    9    9   10   11
   13   16   19   22   25   28   31   34   36   38   39   40   40   39   38   37
   35   34   32   30   29   28   26   26   25
    70.0-180.0 180.0   5.0 450.0                            LAT/LON1/LON2/DLON/H
   27   26   25   24   24   23   23   24   23   23   22   21   20   19   17   16
   15   14   14   14   14   15   16   18   19   21   22   23   24   25   26   27
   27   26   25   23   21   18   16   13   11    9    8    7    7    8    9   11
   14   18   21   25   30   34   37   41   44   46   48   49   49   49   47   46
   44   42   39   37   35   33   31   29   27
    67.5-180.0 180.0   5.0 450.0                            LAT/LON1/LON2/DLON/H
   31   28   26   24   23   22   22   22   21   21   20   19   18   17   16   15
   15   15   15   16   17   18   19   21   22   23   23   24   24   24   24   24
   23   22   21   19   16   14   11    9    7    6    6    6    7    8   10   13
   16   20   25   29   34   39   43   47   50   53   55   57   57   57   56   54
   52   50   47   44   42   39   36   33   31
    65.0-180.0 180.0   5.0 450.0                            LAT/LON1/LON2/DLON/H
   35   31   28   25   23   21   20   20   19   19   18   17   16   16   15   15
   15   15   16   17   18   20   21   22   23   23   23   22   21   20   20   19
   18   17   15   13   11    9    7    6    5    5    6    7    9   11   13   16
   20   24   29   34   39   43   48   52   55   59   61   63   64   64   64   62
   60   57   54   51   49   45   42   38   35
    62.5-180.0 180.0   5.0 450.0                            LAT/LON1/LON2/DLON/H
   39   34   30   26   23   21   20   19   18   17   16   15   14   14   14   14
   14   15   16   17   18   20   21   21   22   21   20   19   17   16   15   14
   13   12   11    9    8    6    5    5    6    7    9   11   13   15   17   20
   24   28   33   39   44   48   52   56   60   63   66   68   70   70   70   68
   66   63   61   58   55   52   48   44   39
    60.0-180.0 180.0   5.0 450.0                            LAT/LON1/LON2/DLON/H
   44   38   33   28   24   22   20   18   17   16   15   14   13   13   13   13
   14   14   15   16   17   17   18   19   19   18   17   15   13   12   11   11
   10   10    9    8    7    7    7    8    9   12   14   17   19   21   23   25
   29   34   39   44   49   54   58   61   64   67   70   72   74   75   75   73
   71   69   67   64   62   59   55   50   44
    57.5-180.0 180.0   5.0 450.0                            LAT/LON1/LON2/DLON/H
   50   43   37   32   28   24   22   20   18   16   14   13   12   12   12   13
   13   14   14   14   14   14   14   15   15   15   14   12   11   10   10   10
   11   11   11   11   11   11   12   13   16   19   21   24   25   27   29   31
   35   40   46   52   57   61   64   67   69   72   74   77   79   79   79   77
   76   74   72   70   68   66   61   56   50
    55.0-180.0 180.0   5.0 450.0                            LAT/LON1/LON2/DLON/H
   57   50   43   38   33   29   26   23   20   18   15   14   13   12   12   13
   13   13   13   12   11   11   11   12   13   14   13   13   12   12   13   14
   15   16   17   17   17   18   19   21   24   27   29   31   32   34   35   38
   42   48   54   61   67   71   74   75   77   78   80   82   83   83   83   81
   79   78   77   76   75   73   69   63   57
    52.5-180.0 180.0   5.0 450.0                            LAT/LON1/LON2/DLON/H
   64   58   51   45   40   36   32   28   25   21   19   17   15   15   14   14
   14   14   13   12   10   10   11   12   14   16   17   17   17   18   19   21
   23   24   26   26   27   28   29   31   33   35   37   38   39   40   41   44
   50   56   64   72   79   83   85   86   86   86   87   88   88   87   86   84
   82   81   80   81   81   79   76   71   64
    50.0-180.0 180.0   5.0 450.0                            LAT/LON1/LON2/DLON/H
   72   66   60   54   49   44   40   35   31   27   24   22   20   19   18   18
   17   16   15   14   13   13   14   17   20   23   25   25   26   27   28   30
   32   34   36   37   38   38   39   40   41   42   43   44   44   46   48   52
   58   66   76   85   92   96   98   98   97   95   95   94   93   91   88   85
   83   82   83   84   85   85   82   78   72
    47.5-180.0 180.0   5.0 450.0                            LAT/LON1/LON2/DLON/H
   79   73   68   63   59   54   48   43   39   35   31   29   27   25   24   23
   22   21   20   20   20   20   22   26   30   34   36   37   37   37   38   39
   41   43   45   46   47   48   49   49   49   48   48   48   49   51   55   60
   68   77   87   97  104  109  110  109  107  104  102  100   97   93   89   85
   82   82   83   85   87   88   86   83   79
    45.0-180.0 180.0   5.0 450.0                            LAT/LON1/LON2/DLON/H
   83   79   75   71   67   62   56   51   46   43   40   37   35   33   31   29
   28   28   28   29   30   32   35   40   44   48   49   49   48   47   47   47
   49   50   52   53   55   56   56   55   54   53   52   52   54   57   62   69
   77   87   98  107  114  118  119  118  115  111  108  104   99   94   89   84
   80   79   81   84   87   88   88   86   83
    42.5-180.0 180.0   5.0 450.0                            LAT/LON1/LON2/DLON/H
   83   82   79   76   72   68   63   58   54   51   48   47   45   42   40   37
   36   37   39   41   44   47   51   55   60   62   63   61   58   55   53   53
   53   54   56   57   59   61   62   61   58   56   55   56   59   64   71   78
   87   97  106  114  121  124  125  124  120  116  112  107  101   95   88   82
   77   76   77   80   83   85   86   85   83
    40.0-180.0 180.0   5.0 450.0                            LAT/LON1/LON2/DLON/H
   81   81   79   77   74   70   66   62   59   57   56   56   55   52   49   46
   45   47   51   55   60   64   67   71   74   76   75   71   65   61   57   56
   55   56   57   59   62   64   65   64   62   60   59   61   65   72   79   88
   96  104  112  118  123  126  127  126  123  119  114  109  103   95   88   81
   76   74   75   77   79   81   82   82   81
    37.5-180.0 180.0   5.0 450.0                            LAT/LON1/LON2/DLON/H
   77   77   77   75   72   69   66   63   62   61   62   63   63   61   58   55
   54   57   63   69   74   79   82   85   86   86   83   77   70   64   60   57
   56   56   58   60   63   66   68   67   65   63   63   66   72   79   88   96
  103  110  115  119  123  125  126  125  123  120  116  112  106   99   92   85
   79   76   76   76   77   78   78   77   77
    35.0-180.0 180.0   5.0 450.0                            LAT/LON1/LON2/DLON/H
   74   73   72   71   68   65   63   62   62   63   66   68   69   68   66   63
   63   67   73   81   87   90   92   93   93   92   87   81   73   67   62   59
   58   58   58   61   64   68   70   70   68   67   68   71   78   87   95  103
  109  113  116  118  121  123  124  125  125  123  121  118  114  108  101   95
   89   85   83   82   80   78   76   75   74
    32.5-180.0 180.0   5.0 450.0                            LAT/LON1/LON2/DLON/H
   74   72   70   67   64   61   59   59   60   63   66   70   73   73   72   70
   70   74   81   89   94   97   98   97   95   93   88   82   75   69   65   62
   61   60   60   62   65   68   71   72   71   70   72   76   84   92  101  107
  112  115  116  118  120  122  125  127  129  130  130  129  127  124  119  113
  107  103   99   95   90   86   81   77   74
    30.0-180.0 180.0   5.0 450.0                            LAT/LON1/LON2/DLON/H
   80   75   70   66   61   58   56   56   58   61   65   70   74   76   76   75
   76   79   86   92   97   98   97   95   93   90   87   82   77   72   69   68
   66   64   63   63   65   69   71   72   72   72   75   80   87   96  104  110
  114  117  118  119  122  125  130  134  138  142  144  146  147  146  143  138
  133  128  123  117  109  101   93   85   80
    27.5-180.0 180.0   5.0 450.0                            LAT/LON1/LON2/DLON/H
   93   85   77   70   63   58   56   55   57   60   64   68   73   77   78   78
   78   82   87   92   95   95   92   90   87   86   84   82   79   77   75   74
   72   69   67   65   65   68   70   72   72   73   75   81   88   97  105  111
  116  119  122  125  129  134  140  147  153  159  164  169  172  173  172  169
  165  160  153  145  136  124  113  102   93
    25.0-180.0 180.0   5.0 450.0                            LAT/LON1/LON2/DLON/H
  112  101   91   81   72   64   60   58   58   60   63   67   72   77   79   79
   80   81   85   88   89   88   85   82   81   81   81   82   82   81   81   80
   77   73   69   65   64   65   67   69   69   70   73   79   87   96  104  111
  118  123  128  134  140  148  156  164  173  180  188  194  200  203  203  202
  198  193  186  178  166  153  139  125  112
    22.5-180.0 180.0   5.0 450.0                            LAT/LON1/LON2/DLON/H
  136  122  110   97   86   76   69   65   63   63   64   68   72   77   79   80
   79   80   81   82   82   80   78   76   76   77   79   82   84   85   85   83
   80   75   68   63   61   61   63   64   65   66   69   75   84   93  103  112
  121  130  138  147  156  165  175  185  194  203  212  220  226  230  232  231
  229  224  217  209  197  183  167  151  136
    20.0-180.0 180.0   5.0 450.0                            LAT/LON1/LON2/DLON/H
  162  147  133  119  105   93   83   76   71   69   69   71   75   79   81   81
   79   78   77   77   76   75   74   73   73   75   79   82   85   86   86   83
   79   72   65   59   55   55   57   58   59   60   64   71   80   91  103  114
  126  138  150  162  173  184  194  205  215  225  234  241  248  252  254  254
  252  247  242  234  224  211  195  178  162
    17.5-180.0 180.0   5.0 450.0                            LAT/LON1/LON2/DLON/H
  186  171  156  142  127  112   99   89   83   79   77   78   80   83   85   83
   81   78   75   74   74   73   73   74   74   76   79   82   84   85   83   79
   73   66   59   52   49   49   50   51   52   54   58   67   78   91  104  118
  133  148  163  177  189  200  211  222  233  242  250  257  263  267  268  268
  265  262  257  251  243  232  218  202  186
    15.0-180.0 180.0   5.0 450.0                            LAT/LON1/LON2/DLON/H
  207  193  179  164  149  132  117  105   96   91   88   87   89   90   90   88
   84   80   77   76   76   77   78   79   79   79   80   81   81   80   77   72
   65   58   51   45   43   43   45   46   46   48   54   64   77   92  108  124
  141  158  175  190  202  214  224  235  245  254  261  266  270  273  274  273
  270  267  264  260  255  247  236  222  207
    12.5-180.0 180.0   5.0 450.0                            LAT/LON1/LON2/DLON/H
  224  211  199  185  169  152  135  120  110  103  100   99   99   99   97   94
   90   85   83   82   82   84   86   87   85   83   81   79   77   73   69   63
   56   50   44   40   38   39   41   42   42   45   52   64   79   96  114  131
  149  167  184  199  212  222  232  242  252  260  266  270  272  274  274  273
  270  267  264  263  260  256  248  237  224
    10.0-180.0 180.0   5.0 450.0                            LAT/LON1/LON2/DLON/H
  238  227  216  203  187  169  151  135  124  116  112  110  109  108  105  101
   97   93   91   91   92   95   96   96   92   87   82   77   72   67   61   55
   49   44   39   36   36   38   39   40   40   44   52   66   84  102  121  138
  156  174  191  205  217  226  236  245  254  262  266  269  270  272  272  271
  268  265  264  263  264  263  258  249  238
     7.5-180.0 180.0   5.0 450.0                            LAT/LON1/LON2/DLON/H
  252  242  231  219  204  186  167  150  136  127  122  119  118  115  112  108
  104  101  101  101  103  105  106  104   98   91   82   75   68   61   55   49
   45   41   38   36   37   38   40   40   41   45   54   70   89  109  127  145
  162  179  194  208  218  227  236  245  254  261  265  267  269  271  273  272
  270  267  266  267  269  270  268  261  252
     5.0-180.0 180.0   5.0 450.0                            LAT/LON1/LON2/DLON/H
  268  258  247  235  220  202  183  164  149  138  131  127  124  121  117  113
  110  109  109  111  112  113  112  108  101   92   82   73   65   58   52   48
   44   42   40   39   39   40   41   41   42   47   58   75   95  115  133  150
  165  180  195  207  217  226  234  244  253  260  264  267  270  274  277  279
  278  276  275  276  279  282  281  276  268
     2.5-180.0 180.0   5.0 450.0                            LAT/LON1/LON2/DLON/H
  286  276  265  252  237  219  199  179  162  148  138  132  128  124  120  116
  114  113  115  116  117  117  114  108  100   91   82   73   65   58   53   49
   47   45   44   43   42   42   42   42   44   51   63   81  101  120  137  152
  166  180  193  205  215  223  233  243  253  260  265  269  274  281  287  291
  292  291  290  292  295  298  299  294  286
