IONEX/c2pg3580.16i
     1.0            IONOSPHERE MAPS     GNSS                IONEX VERSION / TYPE
IONINX V5.3         AIUB                22-DEC-16 08:09     PGM / RUN BY / DATE 
CODE'S 2-DAY PREDICTED IONOSPHERE MAPS FOR DAY 358, 2016    COMMENT             
Global ionosphere maps (GIM) are generated on a daily basis DESCRIPTION         
at CODE using data from about 120 GNSS sites of the IGS and DESCRIPTION         
other institutions. The vertical total electron content     DESCRIPTION         
(VTEC) is modeled in a solar-geomagnetic reference frame    DESCRIPTION         
using a spherical harmonics expansion up to degree and      DESCRIPTION         
order 15. Piece-wise linear functions are used for          DESCRIPTION         
representation in the time domain. The time spacing of      DESCRIPTION         
their vertices is 1 hour, conforming with the epochs of the DESCRIPTION         
VTEC maps.                                                  DESCRIPTION         
To convert line-of-sight TEC into vertical TEC, a modified  DESCRIPTION         
single-layer model mapping function approximating the JPL   DESCRIPTION         
extended slab model mapping function is adopted. The        DESCRIPTION         
mapping function is evaluated at geodetic satellite         DESCRIPTION         
elevation angles. For the computation of the ionospheric    DESCRIPTION         
pierce points, a spherical layer with a radius of 6821 km   DESCRIPTION         
is assumed, implying geocentric, not geodetic IONEX         DESCRIPTION         
latitudes.                                                  DESCRIPTION         
Instrumental biases with respect to each involved GNSS code DESCRIPTION         
observable are estimated as constant values for each        DESCRIPTION         
day. They are modeled with one set of bias parameters for   DESCRIPTION         
each satellite and each station in case of GPS and for each DESCRIPTION         
satellite-station link in case of GLONASS. The code bias    DESCRIPTION         
datum is defined by zero-mean conditions imposed on the     DESCRIPTION         
satellite bias estimates. In this file, just GPS C1W-C2W    DESCRIPTION         
satellite and station bias values are included. The         DESCRIPTION         
complete set of GNSS code bias results is provided in an    DESCRIPTION         
additional Bias-SINEX file as pseudo-absolute values        DESCRIPTION         
specific to each observable.                                DESCRIPTION         
Contact address: code(at)aiub.unibe.ch                      DESCRIPTION         
Data archive:    ftp.unibe.ch/aiub/CODE/                    DESCRIPTION         
                 www.aiub.unibe.ch/download/CODE/           DESCRIPTION         
  2016    12    23     0     0     0                        EPOCH OF FIRST MAP  
  2016    12    24     0     0     0                        EPOCH OF LAST MAP   
  3600                                                      INTERVAL            
    25                                                      # OF MAPS IN FILE   
  NONE                                                      MAPPING FUNCTION    
    10.0                                                    ELEVATION CUTOFF    
One-way carrier phase leveled to code                       OBSERVABLES USED    
  6371.0                                                    BASE RADIUS         
     2                                                      MAP DIMENSION       
   450.0 450.0   0.0                                        HGT1 / HGT2 / DHGT  
    87.5 -87.5  -2.5                                        LAT1 / LAT2 / DLAT  
  -180.0 180.0   5.0                                        LON1 / LON2 / DLON  
    -1                                                      EXPONENT            
TEC/RMS values in 0.1 TECU; 9999, if no value available     COMMENT             
                                                            END OF HEADER       
[from data line 7293]
    18                                                      START OF TEC MAP    
  2016    12    23    17     0     0                        EPOCH OF CURRENT MAP
    87.5-180.0 180.0   5.0 450.0                            LAT/LON1/LON2/DLON/H
   20   21   21   21   22   22   23   23   23   23   24   24   24   24   24   24
   24   24   24   24   24   24   24   23   23   23   23   23   22   22   22   22
   21   21   21   20   20   20   19   19   19   18   18   18   17   17   17   16
   16   16   16   16   15   15   15   15   15   15   15   15   16   16   16   16
   17   17   17   18   18   19   19   20   20
    85.0-180.0 180.0   5.0 450.0                            LAT/LON1/LON2/DLON/H
   20   21   22   23   24   25   25   26   27   27   27   27   28   28   28   28
   27   27   27   27   26   26   26   26   25   25   25   24   24   24   23   23
   23   22   22   22   21   21   20   20   19   18   18   17   16   16   15   14
   14   13   13   12   12   11   11   11   11   11   11   11   11   12   12   13
   13   14   15   16   16   17   18   19   20
    82.5-180.0 180.0   5.0 450.0                            LAT/LON1/LON2/DLON/H
   20   22   23   25   26   27   28   29   29   30   30   30   30   30   30   30
   29   29   29   28   28   28   27   27   27   26   26   26   25   25   25   25
   24   24   24   24   23   23   22   21   21   20   19   18   17   16   15   14
   13   12   12   11   10   10    9    9    9    8    8    8    9    9    9   10
   11   12   13   14   15   16   18   19   20
    80.0-180.0 180.0   5.0 450.0                            LAT/LON1/LON2/DLON/H
   20   22   24   25   27   28   29   30   31   31   31   31   31   31   31   31
   31   30   30   30   30   29   29   29   28   28   27   27   27   27   27   26
   26   26   26   26   26   25   25   24   23   22   21   20   19   18   17   16
   15   14   13   12   11   11   10    9    9    9    8    8    8    8    8    9
   10   10   11   13   14   15   17   19   20
    77.5-180.0 180.0   5.0 450.0                            LAT/LON1/LON2/DLON/H
   20   22   23   25   26   28   29   30   30   31   31   31   31   31   31   32
   32   32   32   33   33   33   32   32   32   31   30   30   29   29   28   28
   28   28   28   28   28   28   27   27   26   25   24   23   21   20   19   18
   17   17   16   15   14   14   13   13   12   11   11   11   10   10   10   10
   11   11   12   13   14   15   17   18   20
    75.0-180.0 180.0   5.0 450.0                            LAT/LON1/LON2/DLON/H
   20   21   23   24   25   26   27   28   29   29   30   30   30   31   32   32
   33   35   36   37   38   39   39   38   37   36   35   33   32   31   30   29
   29   29   30   30   30   29   29   28   28   27   26   25   24   23   22   21
   21   20   20   19   19   18   18   17   17   16   15   15   14   14   13   13
   13   14   14   15   15   16   17   19   20
    72.5-180.0 180.0   5.0 450.0                            LAT/LON1/LON2/DLON/H
   20   21   22   23   24   24   25   26   26   27   27   28   29   30   32   34
   36   39   42   44   46   48   48   47   46   43   40   38   35   33   31   30
   30   29   30   30   30   29   29   28   28   27   26   25   25   24   24   24
   24   23   23   23   23   23   22   22   21   20   20   19   18   18   18   17
   17   17   18   18   18   19   19   20   20
    70.0-180.0 180.0   5.0 450.0                            LAT/LON1/LON2/DLON/H
   21   22   22   22   22   22   22   23   23   24   25   26   28   30   33   36
   40   44   49   53   56   58   59   58   55   51   47   42   38   35   32   30
   29   29   28   28   28   28   27   26   26   25   25   25   24   24   24   25
   25   25   25   25   25   25   25   24   24   23   23   22   22   22   21   21
   21   21   21   21   21   21   21   21   21
    67.5-180.0 180.0   5.0 450.0                            LAT/LON1/LON2/DLON/H
   23   22   22   21   20   20   20   20   21   22   23   25   27   30   34   39
   45   51   57   62   67   70   70   69   65   59   53   47   41   36   33   30
   28   27   26   26   25   24   24   23   23   22   22   22   23   23   24   24
   25   25   25   25   25   25   25   24   24   24   24   23   23   24   24   24
   24   24   24   24   24   24   23   23   23
    65.0-180.0 180.0   5.0 450.0                            LAT/LON1/LON2/DLON/H
   24   23   22   21   20   19   18   18   19   20   22   25   28   32   37   43
   49   57   64   71   76   79   80   78   73   66   59   51   44   38   34   31
   29   27   25   24   22   21   20   19   19   19   19   20   21   21   22   23
   23   23   23   22   22   22   22   22   22   22   22   23   23   24   24   25
   26   26   26   26   26   25   25   25   24
    62.5-180.0 180.0   5.0 450.0                            LAT/LON1/LON2/DLON/H
   25   25   24   22   20   19   17   17   18   20   22   26   30   35   40   47
   54   62   70   77   83   86   86   84   78   71   63   55   48   42   37   34
   31   29   26   24   21   19   18   17   16   17   17   18   19   20   21   21
   21   20   19   19   18   18   18   19   19   20   20   21   22   23   24   25
   25   26   26   26   26   26   26   25   25
    60.0-180.0 180.0   5.0 450.0                            LAT/LON1/LON2/DLON/H
   26   26   26   24   22   20   18   18   19   21   24   28   33   39   45   52
   59   67   75   81   87   90   90   87   81   74   67   59   53   48   44   40
   37   34   30   26   23   20   18   16   16   17   18   19   20   21   21   21
   20   18   17   16   15   15   16   16   17   18   19   20   21   22   23   24
   25   25   26   26   25   25   25   26   26
    57.5-180.0 180.0   5.0 450.0                            LAT/LON1/LON2/DLON/H
   28   29   29   28   26   23   21   20   21   24   28   33   38   44   50   57
   64   71   78   84   88   91   91   88   83   77   71   65   60   57   54   50
   47   42   37   32   27   23   21   20   19   20   21   23   24   24   24   23
   21   19   17   16   15   15   16   17   18   20   21   21   22   23   23   24
   25   25   25   25   24   24   25   26   28
    55.0-180.0 180.0   5.0 450.0                            LAT/LON1/LON2/DLON/H
   30   32   33   33   31   28   26   25   26   29   33   39   45   51   57   63
   69   75   81   86   89   91   91   89   86   82   77   74   71   68   66   63
   58   52   46   39   34   30   27   26   26   27   29   30   31   31   30   28
   26   24   21   20   19   19   20   22   24   25   26   26   26   26   26   26
   27   26   26   25   25   25   25   27   30
    52.5-180.0 180.0   5.0 450.0                            LAT/LON1/LON2/DLON/H
   33   36   38   38   37   34   32   32   33   36   41   47   52   58   64   70
   75   81   85   88   91   92   92   92   90   88   86   84   83   81   80   76
   71   63   56   48   42   38   36   35   36   37   39   40   41   40   39   37
   35   32   29   28   27   28   29   31   33   34   35   34   33   32   31   31
   30   30   29   28   27   26   27   30   33
    50.0-180.0 180.0   5.0 450.0                            LAT/LON1/LON2/DLON/H
   37   41   43   44   43   41   40   40   41   45   50   56   61   67   72   78
   83   87   91   93   95   96   97   97   97   97   96   95   95   94   92   88
   81   73   64   57   51   48   47   47   47   49   50   52   52   52   51   48
   46   43   40   39   39   39   41   43   45   46   45   44   42   40   38   37
   36   35   34   32   31   30   31   34   37
    47.5-180.0 180.0   5.0 450.0                            LAT/LON1/LON2/DLON/H
   42   45   48   49   49   48   48   48   51   56   61   66   71   76   81   86
   91   96   99  101  102  104  105  106  107  107  107  106  105  104  101   96
   88   79   71   64   60   58   58   58   60   61   63   64   65   64   63   60
   58   55   53   51   51   52   53   55   57   57   56   53   50   47   45   44
   43   41   40   38   37   36   36   39   42
    45.0-180.0 180.0   5.0 450.0                            LAT/LON1/LON2/DLON/H
   46   49   52   53   53   54   55   57   62   67   72   77   81   85   89   94
  100  105  109  111  113  114  116  118  118  118  116  114  112  109  105   99
   91   83   75   70   68   68   68   70   71   73   74   76   76   76   74   72
   69   66   64   63   62   63   64   65   66   66   64   61   57   54   51   50
   49   48   46   45   43   42   42   44   46
    42.5-180.0 180.0   5.0 450.0                            LAT/LON1/LON2/DLON/H
   49   51   53   54   55   57   60   65   71   78   84   88   91   94   97  102
  108  114  119  123  125  127  129  130  129  127  123  119  115  110  105   99
   92   84   79   76   76   77   79   80   81   82   84   85   85   85   83   80
   78   75   73   72   71   71   71   72   72   71   69   65   61   57   55   54
   53   53   52   50   48   47   47   48   49
    40.0-180.0 180.0   5.0 450.0                            LAT/LON1/LON2/DLON/H
   51   52   52   53   55   58   64   71   80   88   95   99  101  102  105  109
  116  123  129  134  138  140  141  141  138  133  127  120  114  109  104   98
   92   86   83   83   85   87   89   90   90   90   91   92   92   91   89   86
   83   81   78   77   76   75   75   74   74   72   70   66   62   59   57   56
   56   55   54   53   52   51   50   50   51
    37.5-180.0 180.0   5.0 450.0                            LAT/LON1/LON2/DLON/H
   50   50   50   51   53   57   65   75   86   96  104  108  110  110  112  115
  122  130  137  144  148  150  151  148  144  136  127  119  112  108  104  100
   95   92   91   93   96   99  100   99   98   97   97   98   97   96   93   90
   86   83   81   79   77   76   74   74   73   71   68   65   61   59   57   57
   57   56   55   54   52   51   51   50   50
    35.0-180.0 180.0   5.0 450.0                            LAT/LON1/LON2/DLON/H
   48   48   47   47   50   55   65   78   91  103  111  116  118  117  118  120
  126  135  144  151  156  158  157  153  146  137  127  119  113  111  109  107
  105  104  105  108  111  113  112  109  105  103  102  102  101   98   95   91
   88   84   81   78   76   74   72   71   70   69   67   64   61   58   57   57
   57   55   54   52   50   50   49   49   48
    32.5-180.0 180.0   5.0 450.0                            LAT/LON1/LON2/DLON/H
   46   46   45   45   47   54   65   79   94  107  116  122  124  124  124  125
  130  139  148  156  161  162  160  154  146  137  128  122  120  121  122  122
  122  122  124  126  129  128  124  118  113  109  107  106  104  100   97   92
   88   85   81   78   75   72   70   69   68   67   66   64   61   59   58   57
   56   54   52   49   48   47   47   47   46
    30.0-180.0 180.0   5.0 450.0                            LAT/LON1/LON2/DLON/H
   46   45   45   45   47   54   66   81   96  110  120  127  131  131  130  131
  134  142  151  159  164  164  161  154  147  140  134  132  135  139  144  146
  146  146  147  148  148  144  137  129  121  116  112  110  107  103   99   94
   90   86   82   78   75   72   69   68   67   67   67   65   63   61   60   59
   57   54   51   47   45   44   45   45   46
    27.5-180.0 180.0   5.0 450.0                            LAT/LON1/LON2/DLON/H
   47   47   47   48   50   57   69   84   99  112  123  131  137  138  138  137
  139  145  153  161  165  164  161  155  150  146  146  150  157  165  172  175
  175  173  171  170  167  160  150  139  130  123  119  115  111  107  102   98
   93   89   84   80   76   73   70   69   69   69   69   68   67   65   63   61
   59   55   51   47   44   43   44   45   47
    25.0-180.0 180.0   5.0 450.0                            LAT/LON1/LON2/DLON/H
   50   52   53   53   56   64   75   89  103  116  126  136  143  147  147  146
  146  150  156  162  165  165  161  158  156  158  164  173  185  196  204  206
  203  199  194  189  182  173  160  148  138  131  126  121  116  111  106  102
   98   93   88   83   78   75   72   70   71   71   72   72   70   68   66   64
   61   57   52   48   45   45   45   47   50
    22.5-180.0 180.0   5.0 450.0                            LAT/LON1/LON2/DLON/H
   54   57   59   61   64   72   83   97  109  120  131  141  151  156  157  156
  155  157  161  165  167  167  165  165  168  175  186  200  215  227  233  233
  227  219  211  203  194  182  169  157  147  139  133  126  120  115  110  106
  102   97   91   86   81   77   74   72   72   73   74   74   72   70   67   65
   63   59   55   51   48   47   48   51   54
    20.0-180.0 180.0   5.0 450.0                            LAT/LON1/LON2/DLON/H
   58   62   65   68   73   81   93  105  116  126  137  149  160  167  169  168
  166  166  168  170  171  171  172  176  183  195  210  227  242  253  256  252
  243  232  221  211  201  188  176  165  155  147  139  131  124  118  114  110
  105  100   94   88   83   78   74   72   72   72   73   73   72   69   67   65
   64   61   57   54   52   51   52   54   58
    17.5-180.0 180.0   5.0 450.0                            LAT/LON1/LON2/DLON/H
   59   64   68   73   79   89  101  114  124  134  144  157  170  179  183  181
  178  177  177  178  179  180  183  190  202  216  233  249  263  270  270  262
  250  237  225  214  204  192  181  172  163  155  145  135  126  119  115  111
  107  101   95   89   83   78   74   71   69   69   70   70   68   66   64   63
   63   61   59   56   54   53   54   56   59
    15.0-180.0 180.0   5.0 450.0                            LAT/LON1/LON2/DLON/H
   58   63   68   74   82   94  108  121  132  142  153  167  181  192  196  195
  192  190  188  188  189  192  198  208  222  237  252  265  274  277  273  263
  249  236  224  214  205  196  187  179  171  161  149  137  126  118  114  110
  106  100   94   88   83   78   73   69   66   65   65   64   63   61   60   60
   60   60   58   57   55   53   53   54   58
    12.5-180.0 180.0   5.0 450.0                            LAT/LON1/LON2/DLON/H
   52   57   63   71   81   96  112  127  139  150  162  177  192  204  209  209
  206  204  202  201  202  207  215  227  241  255  266  274  278  276  269  258
  245  232  223  215  208  201  194  187  179  168  153  137  125  116  112  108
  104   99   93   88   83   78   73   68   64   62   60   59   58   57   57   57
   58   58   57   55   53   51   50   50   52
    10.0-180.0 180.0   5.0 450.0                            LAT/LON1/LON2/DLON/H
   45   49   55   64   77   94  113  130  144  156  171  187  202  214  220  221
  220  218  217  216  218  224  234  247  259  269  274  276  275  270  262  251
  240  231  224  220  215  210  204  197  188  174  156  138  123  115  110  106
  103   99   95   91   86   82   76   70   65   61   59   57   56   55   55   56
   56   56   54   52   49   47   44   43   45
     7.5-180.0 180.0   5.0 450.0                            LAT/LON1/LON2/DLON/H
   37   40   47   57   72   91  112  130  147  161  177  194  210  222  229  232
  233  233  232  232  235  243  254  266  275  279  279  275  270  263  256  248
  240  235  232  229  227  223  217  209  197  180  159  139  123  115  110  108
  105  102  100   97   94   90   84   77   71   65   61   59   58   58   57   57
   57   56   53   50   46   42   39   37   37
     5.0-180.0 180.0   5.0 450.0                            LAT/LON1/LON2/DLON/H
   31   34   40   51   68   88  110  130  148  165  182  200  216  228  236  241
  244  246  247  248  253  261  272  282  287  287  281  273  266  261  256  252
  248  246  245  245  243  238  231  221  207  187  163  142  127  118  115  114
  112  111  110  109  107  103   97   89   81   74   70   67   65   64   64   63
   61   58   53   48   44   39   35   32   31
     2.5-180.0 180.0   5.0 450.0                            LAT/LON1/LON2/DLON/H
   29   31   38   49   67   88  110  131  149  167  185  204  219  231  240  247
  253  257  260  263  269  278  287  295  296  292  283  274  268  265  264  264
  264  264  265  265  262  255  246  233  216  194  169  148  134  127  125  125
  125  125  126  125  123  119  112  104   96   88   82   79   77   75   73   71
   67   62   56   50   44   39   34   31   29
