IONEX/c2pg3580.16i
     1.0            IONOSPHERE MAPS     GNSS                IONEX VERSION / TYPE
IONINX V5.3         AIUB                22-DEC-16 08:09     PGM / RUN BY / DATE 
CODE'S 2-DAY PREDICTED IONOSPHERE MAPS FOR DAY 358, 2016    COMMENT             
Global ionosphere maps (GIM) are generated on a daily basis DESCRIPTION         
at CODE using data from about 120 GNSS sites of the IGS and DESCRIPTION         
other institutions. The vertical total electron content     DESCRIPTION         
(VTEC) is modeled in a solar-geomagnetic reference frame    DESCRIPTION         
using a spherical harmonics expansion up to degree and      DESCRIPTION         
order 15. Piece-wise linear functions are used for          DESCRIPTION         
representation in the time domain. The time spacing of      DESCRIPTION         
their vertices is 1 hour, conforming with the epochs of the DESCRIPTION         
VTEC maps.                                                  DESCRIPTION         
To convert line-of-sight TEC into vertical TEC, a modified  DESCRIPTION         
single-layer model mapping function approximating the JPL   DESCRIPTION         
extended slab model mapping function is adopted. The        DESCRIPTION         
mapping function is evaluated at geodetic satellite         DESCRIPTION         
elevation angles. For the computation of the ionospheric    DESCRIPTION         
pierce points, a spherical layer with a radius of 6821 km   DESCRIPTION         
is assumed, implying geocentric, not geodetic IONEX         DESCRIPTION         
latitudes.                                                  DESCRIPTION         
Instrumental biases with respect to each involved GNSS code DESCRIPTION         
observable are estimated as constant values for each        DESCRIPTION         
day. They are modeled with one set of bias parameters for   DESCRIPTION         
each satellite and each station in case of GPS and for each DESCRIPTION         
satellite-station link in case of GLONASS. The code bias    DESCRIPTION         
datum is defined by zero-mean conditions imposed on the     DESCRIPTION         
satellite bias estimates. In this file, just GPS C1W-C2W    DESCRIPTION         
satellite and station bias values are included. The         DESCRIPTION         
complete set of GNSS code bias results is provided in an    DESCRIPTION         
additional Bias-SINEX file as pseudo-absolute values        DESCRIPTION         
specific to each observable.                                DESCRIPTION         
Contact address: code(at)aiub.unibe.ch                      DESCRIPTION         
Data archive:    ftp.unibe.ch/aiub/CODE/                    DESCRIPTION         
                 www.aiub.unibe.ch/download/CODE/           DESCRIPTION         
  2016    12    23     0     0     0                        EPOCH OF FIRST MAP  
  2016    12    24     0     0     0                        EPOCH OF LAST MAP   
  3600                                                      INTERVAL            
    25                                                      # OF MAPS IN FILE   
  NONE                                                      MAPPING FUNCTION    
    10.0                                                    ELEVATION CUTOFF    
One-way carrier phase leveled to code                       OBSERVABLES USED    
  6371.0                                                    BASE RADIUS         
     2                                                      MAP DIMENSION       
   450.0 450.0   0.0                                        HGT1 / HGT2 / DHGT  
    87.5 -87.5  -2.5                                        LAT1 / LAT2 / DLAT  
  -180.0 180.0   5.0                                        LON1 / LON2 / DLON  
    -1                                                      EXPONENT            
TEC/RMS values in 0.1 TECU; 9999, if no value available     COMMENT             
                                                            END OF HEADER       
[from data line 6006]
    15                                                      START OF TEC MAP    
  2016    12    23    14     0     0                        EPOCH OF CURRENT MAP
    87.5-180.0 180.0   5.0 450.0                            LAT/LON1/LON2/DLON/H
   26   26   26   26   26   27   27   27   27   27   27   28   28   28   28   28
   28   28   28   28   28   28   29   29   29   29   29   29   29   29   29   29
   29   29   29   29   29   29   29   29   29   29   29   29   29   29   29   29
   29   29   29   29   29   29   29   29   28   28   28   28   28   27   27   27
   27   27   26   26   26   26   26   26   26
    85.0-180.0 180.0   5.0 450.0                            LAT/LON1/LON2/DLON/H
   21   21   22   22   22   23   24   24   25   25   26   26   27   27   27   27
   27   27   27   27   27   27   27   27   27   27   27   27   27   27   27   27
   27   27   27   27   27   27   27   27   27   27   28   28   28   28   28   28
   28   28   28   28   28   28   28   28   28   27   27   26   25   25   24   23
   23   22   22   21   21   21   21   21   21
    82.5-180.0 180.0   5.0 450.0                            LAT/LON1/LON2/DLON/H
   14   15   16   17   18   19   20   21   23   24   25   25   26   26   27   27
   27   27   26   26   26   26   26   26   25   26   26   26   26   26   26   26
   26   26   26   26   26   25   25   25   25   25   25   25   25   25   25   26
   26   27   27   28   28   28   28   28   27   26   25   24   23   22   21   19
   18   17   16   15   15   14   14   14   14
    80.0-180.0 180.0   5.0 450.0                            LAT/LON1/LON2/DLON/H
    8    9   10   12   13   15   17   19   21   23   24   26   27   27   27   27
   27   27   26   26   25   25   25   25   25   25   25   26   26   26   26   26
   26   26   26   25   25   24   23   23   22   22   21   21   21   22   22   23
   24   25   26   27   27   28   28   28   27   26   25   24   22   20   18   16
   14   13   11   10    9    8    8    8    8
    77.5-180.0 180.0   5.0 450.0                            LAT/LON1/LON2/DLON/H
    4    5    6    8   10   13   15   18   21   23   25   27   28   29   29   29
   28   27   27   26   26   25   26   26   26   27   28   28   29   29   29   29
   29   29   28   27   26   24   23   22   21   19   19   18   18   18   19   20
   22   23   25   26   27   28   29   29   28   27   26   24   22   20   17   15
   13   10    8    7    5    4    4    4    4
    75.0-180.0 180.0   5.0 450.0                            LAT/LON1/LON2/DLON/H
    3    4    5    7    9   12   15   18   21   24   26   28   30   31   31   30
   30   29   28   28   28   28   29   30   31   32   33   34   35   35   35   35
   34   33   32   30   29   27   25   23   21   19   18   17   16   16   17   18
   20   22   24   26   28   29   30   30   30   29   27   25   23   21   18   16
   13   11    9    7    6    4    4    3    3
    72.5-180.0 180.0   5.0 450.0                            LAT/LON1/LON2/DLON/H
    6    6    7    8   10   12   15   18   21   24   27   30   31   32   32   32
   31   30   30   30   31   32   34   35   37   39   41   42   42   42   42   41
   40   39   37   35   33   30   28   26   23   21   19   18   17   17   17   18
   20   22   24   26   28   29   30   30   30   30   28   27   25   23   21   18
   16   14   13   11   10    8    7    7    6
    70.0-180.0 180.0   5.0 450.0                            LAT/LON1/LON2/DLON/H
   12   11   11   11   11   13   15   18   21   24   27   30   32   33   33   32
   32   31   32   32   34   37   39   42   45   48   49   50   51   50   49   48
   46   44   42   40   37   35   32   30   27   25   23   21   19   19   19   20
   21   22   24   26   27   29   29   30   30   29   28   27   26   25   23   22
   20   19   18   17   16   15   14   13   12
    67.5-180.0 180.0   5.0 450.0                            LAT/LON1/LON2/DLON/H
   18   16   15   14   14   14   15   17   20   22   25   28   30   31   31   31
   31   31   32   34   37   41   45   49   53   55   57   58   58   57   55   54
   51   49   46   44   42   40   37   35   33   30   28   26   24   23   22   22
   23   24   24   25   26   27   27   27   27   27   27   27   26   26   25   25
   24   24   23   23   23   22   21   20   18
    65.0-180.0 180.0   5.0 450.0                            LAT/LON1/LON2/DLON/H
   23   21   19   17   16   15   15   16   18   20   22   25   27   28   29   29
   29   29   31   34   38   43   48   54   58   61   63   63   63   62   60   58
   56   53   51   48   46   44   42   40   39   36   34   32   30   28   26   25
   25   25   24   24   24   24   24   24   24   25   26   26   26   27   26   26
   27   27   27   27   28   27   26   25   23
    62.5-180.0 180.0   5.0 450.0                            LAT/LON1/LON2/DLON/H
   27   25   22   20   18   16   15   15   15   17   19   21   23   24   24   25
   25   26   28   32   37   44   50   56   60   64   66   67   67   66   65   63
   60   58   55   52   50   49   47   46   44   43   40   38   35   33   31   29
   27   26   24   23   22   21   21   21   22   23   24   26   27   27   27   27
   28   28   28   29   30   30   30   28   27
    60.0-180.0 180.0   5.0 450.0                            LAT/LON1/LON2/DLON/H
   28   26   24   22   20   18   16   14   14   14   15   17   18   19   20   20
   21   22   25   30   36   43   50   56   61   64   66   68   69   69   69   68
   66   63   60   58   55   54   52   51   50   48   46   44   41   38   35   32
   29   27   25   23   21   20   19   20   21   23   25   27   29   29   29   28
   28   28   28   29   30   30   30   29   28
    57.5-180.0 180.0   5.0 450.0                            LAT/LON1/LON2/DLON/H
   28   27   26   24   22   20   18   16   14   14   14   14   15   16   16   17
   17   19   23   28   34   42   49   55   60   63   66   69   71   73   74   74
   72   70   67   64   61   59   58   57   55   54   52   49   46   42   39   36
   33   30   27   25   22   21   21   22   24   27   30   32   33   33   32   31
   29   28   28   28   29   29   30   29   28
    55.0-180.0 180.0   5.0 450.0                            LAT/LON1/LON2/DLON/H
   30   29   28   28   27   25   23   20   18   16   15   14   15   15   15   15
   16   19   22   28   35   42   49   55   60   64   67   70   74   77   80   81
   80   78   75   71   68   66   64   63   61   59   57   54   51   47   44   40
   37   35   32   30   28   27   27   28   31   34   37   39   40   39   37   35
   32   30   29   29   29   30   30   30   30
    52.5-180.0 180.0   5.0 450.0                            LAT/LON1/LON2/DLON/H
   33   33   32   33   32   31   29   27   24   21   19   17   17   16   16   17
   18   21   25   31   38   45   52   58   63   67   71   75   79   84   87   89
   88   86   82   78   75   73   71   69   68   66   63   60   57   53   50   47
   44   42   40   38   37   36   37   38   41   44   47   49   49   48   45   41
   38   35   33   32   32   33   33   33   33
    50.0-180.0 180.0   5.0 450.0                            LAT/LON1/LON2/DLON/H
   39   39   39   39   40   40   38   35   32   29   26   24   22   20   20   21
   23   27   32   38   44   51   58   64   69   73   77   82   86   91   94   95
   94   91   88   84   82   80   78   77   75   73   71   68   65   61   58   55
   53   52   51   50   49   49   49   50   52   55   57   58   58   57   53   50
   46   42   40   39   39   40   40   40   39
    47.5-180.0 180.0   5.0 450.0                            LAT/LON1/LON2/DLON/H
   48   47   47   47   48   48   47   45   42   38   35   32   29   27   26   28
   31   36   42   48   54   61   67   73   79   83   87   91   94   97   99   99
   97   93   90   88   87   87   86   86   84   82   80   77   74   71   68   65
   64   63   63   63   62   62   62   62   63   65   66   66   66   64   61   58
   55   51   49   48   48   49   49   49   48
    45.0-180.0 180.0   5.0 450.0                            LAT/LON1/LON2/DLON/H
   57   55   54   55   56   56   55   53   51   48   45   41   38   35   35   37
   41   47   54   60   66   72   79   85   91   96   98  100  101  102  101   99
   96   93   91   91   92   94   95   96   95   93   91   88   85   82   79   77
   75   75   75   75   74   73   72   71   71   71   71   70   70   69   67   65
   63   60   58   57   58   59   59   58   57
    42.5-180.0 180.0   5.0 450.0                            LAT/LON1/LON2/DLON/H
   64   62   61   60   61   61   61   60   58   56   54   51   47   44   44   47
   53   60   67   73   79   85   91   98  104  108  110  110  108  105  101   97
   93   91   91   93   98  102  106  107  106  105  103  100   97   93   90   87
   85   85   85   84   83   82   79   77   75   73   72   71   70   70   70   69
   68   66   65   64   65   66   67   66   64
    40.0-180.0 180.0   5.0 450.0                            LAT/LON1/LON2/DLON/H
   68   66   64   63   63   63   63   63   62   62   61   59   56   53   53   57
   64   73   81   87   91   97  103  110  116  120  120  117  113  107  102   96
   93   91   93   99  106  113  117  119  118  117  114  111  108  104   99   96
   93   92   91   90   88   86   83   79   76   73   70   68   67   68   69   70
   70   69   68   68   68   70   71   70   68
    37.5-180.0 180.0   5.0 450.0                            LAT/LON1/LON2/DLON/H
   68   66   64   62   62   62   62   62   63   64   65   64   62   60   61   67
   75   85   93   98  102  107  112  119  125  128  128  124  117  111  105  100
   98   98  102  110  118  126  131  132  131  128  125  121  117  112  107  102
   98   96   94   92   90   87   84   79   75   70   67   64   64   65   67   69
   70   69   68   67   67   68   69   70   68
    35.0-180.0 180.0   5.0 450.0                            LAT/LON1/LON2/DLON/H
   64   62   60   59   59   58   58   59   60   63   65   66   66   66   68   75
   84   95  103  108  111  115  120  126  131  134  133  129  123  118  114  112
  112  115  120  128  136  143  146  146  143  138  134  129  124  118  112  106
  101   97   95   93   91   88   84   79   75   70   65   63   62   62   64   66
   67   66   64   63   62   63   64   65   64
    32.5-180.0 180.0   5.0 450.0                            LAT/LON1/LON2/DLON/H
   58   57   56   55   54   53   53   53   55   59   63   66   67   69   73   81
   92  103  111  116  119  121  125  130  135  137  136  134  131  131  131  134
  137  142  147  153  159  163  163  160  154  147  141  135  129  123  116  109
  104   99   96   94   92   89   86   82   77   72   68   64   63   63   64   65
   65   64   61   58   57   57   58   59   58
    30.0-180.0 180.0   5.0 450.0                            LAT/LON1/LON2/DLON/H
   54   53   52   51   50   49   48   48   50   54   59   63   66   70   76   86
   97  108  117  122  125  127  129  133  136  138  139  140  143  149  157  165
  172  177  181  184  185  184  180  172  163  154  146  140  134  127  121  114
  108  103  100   97   96   94   91   88   83   79   74   70   68   66   66   66
   65   63   59   55   53   52   53   53   54
    27.5-180.0 180.0   5.0 450.0                            LAT/LON1/LON2/DLON/H
   52   52   51   50   48   47   46   45   46   50   54   59   64   70   78   89
  101  112  121  127  130  132  134  135  137  140  143  149  159  172  187  201
  211  217  218  215  211  204  195  183  171  160  152  145  139  134  128  122
  116  111  107  105  103  102  100   96   92   88   84   79   76   73   71   70
   67   64   60   56   53   51   51   51   52
    25.0-180.0 180.0   5.0 450.0                            LAT/LON1/LON2/DLON/H
   54   54   53   51   50   48   46   44   45   47   51   55   61   69   79   91
  103  114  124  130  135  137  138  139  140  143  150  161  177  198  219  237
  249  254  251  243  233  221  207  193  179  167  158  152  147  144  140  135
  130  124  120  116  114  113  110  107  103   98   94   89   85   81   77   75
   72   69   65   61   57   54   53   54   54
    22.5-180.0 180.0   5.0 450.0                            LAT/LON1/LON2/DLON/H
   59   59   58   56   53   51   48   47   46   47   49   53   60   68   80   92
  105  116  126  133  139  142  143  143  144  149  159  175  197  222  248  268
  280  282  275  263  248  232  216  200  186  175  167  162  160  158  156  152
  147  141  135  131  127  124  121  116  111  107  102   97   92   87   83   80
   77   74   71   67   64   61   59   59   59
    20.0-180.0 180.0   5.0 450.0                            LAT/LON1/LON2/DLON/H
   66   65   63   61   58   55   53   51   50   49   50   53   59   69   81   94
  106  117  127  136  143  148  149  150  151  157  170  190  215  243  269  288
  298  297  288  273  256  239  222  208  195  185  179  176  176  176  176  173
  167  160  152  145  140  134  129  122  117  111  106  102   96   91   87   83
   80   78   76   74   71   69   67   66   66
    17.5-180.0 180.0   5.0 450.0                            LAT/LON1/LON2/DLON/H
   70   70   68   65   61   58   57   56   55   54   53   55   61   71   84   97
  108  119  129  139  148  153  156  157  160  169  184  205  231  257  280  296
  302  299  289  274  257  242  228  216  206  199  195  194  195  197  197  194
  187  177  167  158  149  141  133  124  117  111  107  102   97   92   87   84
   82   80   79   78   76   74   72   71   70
    15.0-180.0 180.0   5.0 450.0                            LAT/LON1/LON2/DLON/H
   72   71   69   66   62   60   59   60   59   58   57   58   63   74   87  101
  112  122  132  143  152  159  163  166  172  182  198  220  243  265  282  293
  295  291  281  268  256  244  234  226  219  215  214  214  216  218  217  213
  204  192  179  167  155  144  133  123  115  109  104   99   95   90   86   83
   80   79   79   79   77   75   73   72   72
    12.5-180.0 180.0   5.0 450.0                            LAT/LON1/LON2/DLON/H
   68   68   67   63   59   58   58   60   61   61   60   61   66   77   91  105
  117  127  137  147  157  165  170  176  184  197  214  233  252  267  278  282
  281  276  270  262  255  249  244  239  236  234  234  234  236  236  234  228
  217  202  187  171  157  144  131  120  112  106  101   97   93   89   85   81
   78   76   76   75   74   71   69   68   68
    10.0-180.0 180.0   5.0 450.0                            LAT/LON1/LON2/DLON/H
   61   61   60   57   54   52   54   57   60   61   61   62   68   80   96  111
  123  133  143  153  163  171  178  186  197  212  228  244  257  266  270  270
  267  264  261  260  259  258  257  256  255  254  253  253  252  251  246  238
  224  208  191  174  159  144  131  120  112  107  103   99   95   91   87   82
   78   74   72   70   68   65   62   61   61
     7.5-180.0 180.0   5.0 450.0                            LAT/LON1/LON2/DLON/H
   52   53   52   49   46   45   47   51   55   57   58   61   69   82   99  115
  129  140  150  160  169  178  186  197  210  226  241  253  261  264  263  260
  257  257  260  265  270  274  275  276  275  274  271  268  265  260  253  243
  228  211  193  177  161  148  136  126  119  114  110  106  102   98   93   87
   81   75   70   66   62   58   54   52   52
     5.0-180.0 180.0   5.0 450.0                            LAT/LON1/LON2/DLON/H
   45   45   44   42   39   37   39   42   47   50   53   58   67   82  101  119
  134  147  157  167  176  185  195  207  222  238  251  260  264  263  261  257
  257  260  268  278  287  293  296  296  295  291  286  279  273  265  257  245
  230  213  197  182  168  156  146  138  133  129  125  121  116  111  105   98
   90   81   73   67   61   55   50   46   45
     2.5-180.0 180.0   5.0 450.0                            LAT/LON1/LON2/DLON/H
   43   41   40   37   34   32   32   34   38   42   46   52   64   81  101  121
  138  152  164  175  184  193  203  216  232  247  258  264  265  264  263  262
  265  272  284  297  308  314  315  314  310  304  296  286  277  267  258  246
  232  217  203  191  180  171  163  157  153  150  146  141  135  129  123  114
  104   93   83   74   66   58   51   45   43
