IONEX/igrg0260.06i
     1.0            IONOSPHERE MAPS     MIX                 IONEX VERSION / TYPE
tecrms2ionex_2.awk  gAGE/UPC            01/27/06 2101UT     PGM / RUN BY / DATE
Global ionosphere maps for day  26, 2006 (26- 1-2006)       DESCRIPTION
IONEX file containing the COMBINED IGS Ionosphere maps      DESCRIPTION
from the combination of the following IAACs:                DESCRIPTION
corg                                                        DESCRIPTION
esrg                                                        DESCRIPTION
jprg                                                        DESCRIPTION
uprg                                                        DESCRIPTION
Contact address: Manuel Hernandez-Pajares                   DESCRIPTION
                 Res. group of Astronomy and Geomatics      DESCRIPTION
                 Technical Univ. of Catalonia (gAGE/UPC)    DESCRIPTION
                 Mod. C3 Campus Nord UPC                    DESCRIPTION
                 E08034-Barcelona, SPAIN                    DESCRIPTION
                 e-mail:  manuel@mat.upc.es                 DESCRIPTION
                                                            DESCRIPTION
  2006     1    26     0     0     0                        EPOCH OF FIRST MAP
  2006     1    27     0     0     0                        EPOCH OF LAST MAP
  7200                                                      INTERVAL
    13                                                      # OF MAPS IN FILE
  COSZ                                                      MAPPING FUNCTION
     0.0                                                    ELEVATION CUTOFF
Combined TEC calculated as weighted mean of input TEC valuesOBSERVABLES USED
   279                                                      # OF STATIONS
    29                                                      # OF SATELLITES
  6371.0                                                    BASE RADIUS
     2                                                      MAP DIMENSION
   450.0 450.0   0.0                                        HGT1 / HGT2 / DHGT
    87.5 -87.5  -2.5                                        LAT1 / LAT2 / DLAT
  -180.0 180.0   5.0                                        LON1 / LON2 / DLON
    -1                                                      EXPONENT
TEC values in  0.1 TECUs; 9999 if no value available        COMMENT
DCB values in nanoseconds, reference is Sum_of_SatDCBs = 0  COMMENT
                                                            END OF HEADER
[from data line 3861]
    10                                                      START OF TEC MAP
  2006     1    26    18     0     0                        EPOCH OF CURRENT MAP
    87.5-180.0 180.0   5.0 450.0                            LAT/LON1/LON2/DLON/H
   48   48   48   49   49   49   49   49   50   50   50   50   51   51   51   51
   52   52   52   52   53   53   53   53   53   53   54   55   55   55   55   54
   54   54   54   54   54   54   54   54   53   53   53   53   53   52   52   52
   52   51   51   50   50   50   49   49   49   48   48   48   48   47   47   47
   48   48   48   48   48   48   48   48   48
    85.0-180.0 180.0   5.0 450.0                            LAT/LON1/LON2/DLON/H
   45   46   46   47   47   47   48   48   49   49   50   50   51   52   52   53
   54   54   55   55   56   56   57   58   59   59   59   59   59   59   59   59
   59   58   58   57   57   57   56   56   56   56   55   55   54   54   53   52
   52   51   51   51   50   50   49   49   48   47   46   46   46   45   45   44
   44   44   44   44   44   44   44   44   45
    82.5-180.0 180.0   5.0 450.0                            LAT/LON1/LON2/DLON/H
   45   45   46   46   46   46   47   47   48   49   50   51   53   53   55   56
   58   59   60   61   61   61   61   62   63   62   62   62   61   61   61   60
   60   60   59   59   59   59   58   58   58   57   57   56   56   55   55   54
   53   52   51   51   50   50   49   48   47   46   46   45   44   44   43   43
   43   43   43   43   44   45   45   45   45
    80.0-180.0 180.0   5.0 450.0                            LAT/LON1/LON2/DLON/H
   46   46   46   46   46   46   47   47   48   49   51   52   54   56   58   59
   60   61   62   63   63   63   65   64   64   64   65   65   64   64   64   64
   64   65   64   64   64   63   62   62   61   61   61   60   59   58   57   56
   55   54   53   52   51   51   50   49   48   47   47   46   46   45   45   45
   45   45   46   46   46   46   46   46   46
    77.5-180.0 180.0   5.0 450.0                            LAT/LON1/LON2/DLON/H
   48   48   48   47   47   47   47   47   47   49   51   54   57   59   62   64
   65   66   67   66   67   68   66   67   67   67   67   66   66   66   65   65
   65   64   65   65   65   65   65   64   63   62   61   61   60   59   58   56
   56   55   54   54   54   54   52   51   51   51   49   49   49   48   48   48
   48   49   49   49   49   49   49   49   48
    75.0-180.0 180.0   5.0 450.0                            LAT/LON1/LON2/DLON/H
   51   50   49   48   47   46   46   46   46   49   52   56   60   62   65   69
   71   71   72   73   73   72   70   70   69   68   66   65   67   67   66   65
   63   62   63   63   64   64   63   62   61   60   60   59   58   57   56   56
   56   56   57   57   57   57   56   55   54   53   53   52   52   52   51   52
   52   52   52   52   52   52   52   51   51
    72.5-180.0 180.0   5.0 450.0                            LAT/LON1/LON2/DLON/H
   52   50   49   47   46   45   44   43   45   48   52   56   60   65   70   74
   76   78   78   78   77   75   74   73   70   69   67   65   65   69   69   67
   64   62   60   60   60   59   58   57   56   55   55   55   54   53   53   54
   55   57   59   60   60   60   59   58   57   56   55   55   54   54   54   55
   55   54   53   54   53   53   53   52   52
    70.0-180.0 180.0   5.0 450.0                            LAT/LON1/LON2/DLON/H
   52   50   48   46   45   44   44   43   44   48   52   57   63   70   76   80
   83   84   84   84   82   81   79   75   72   69   67   66   65   66   67   65
   64   60   57   54   54   54   53   52   51   49   49   49   48   48   49   50
   52   55   58   61   61   62   62   61   61   60   59   58   56   55   55   57
   57   55   54   54   54   53   53   52   52
    67.5-180.0 180.0   5.0 450.0                            LAT/LON1/LON2/DLON/H
   50   48   47   45   44   44   43   42   45   49   54   60   68   75   80   86
   90   92   93   93   90   89   84   79   75   70   67   65   64   63   63   61
   58   55   51   49   47   47   46   45   45   44   43   41   41   42   44   45
   48   51   54   58   59   60   60   61   61   61   59   57   55   55   55   56
   56   54   54   53   53   51   51   51   50
    65.0-180.0 180.0   5.0 450.0                            LAT/LON1/LON2/DLON/H
   47   46   45   44   44   45   44   44   50   54   59   66   74   82   88   94
   99  102  104  103  100   96   90   84   78   72   68   65   63   60   58   56
   52   48   45   43   40   40   39   38   38   37   36   35   34   36   38   40
   44   48   50   52   54   54   55   55   56   56   55   53   52   52   51   51
   51   50   49   49   49   48   48   47   47
    62.5-180.0 180.0   5.0 450.0                            LAT/LON1/LON2/DLON/H
   43   43   43   43   44   45   47   50   55   60   66   74   82   90   98  105
  109  113  116  113  110  105   98   90   83   76   69   66   62   58   55   51
   47   43   39   37   35   34   33   33   32   31   31   30   30   31   34   37
   40   44   45   46   49   50   51   51   51   51   51   49   47   47   46   45
   45   44   43   43   43   43   43   43   43
    60.0-180.0 180.0   5.0 450.0                            LAT/LON1/LON2/DLON/H
   40   41   41   41   44   47   51   56   62   68   76   84   92  101  109  115
  121  124  127  124  121  115  107   99   90   82   74   69   65   59   55   51
   46   41   36   33   32   30   30   29   29   29   29   29   28   30   32   35
   38   41   43   45   47   49   50   50   50   50   49   48   46   44   43   42
   41   39   38   39   39   39   39   40   40
    57.5-180.0 180.0   5.0 450.0                            LAT/LON1/LON2/DLON/H
   40   40   40   42   45   50   55   62   70   78   86   96  104  113  120  125
  131  136  138  136  132  126  118  110  100   90   82   77   71   66   60   55
   49   42   37   33   30   29   30   30   31   32   33   33   32   32   33   34
   36   40   43   47   49   51   53   53   53   52   51   49   47   44   42   41
   39   38   37   37   38   39   39   39   40
    55.0-180.0 180.0   5.0 450.0                            LAT/LON1/LON2/DLON/H
   41   41   41   43   47   53   61   69   78   88   98  108  116  125  132  137
  142  147  150  149  145  138  130  120  110  101   92   86   81   75   69   62
   56   48   41   37   33   32   33   35   37   39   40   40   40   39   39   40
   41   45   48   51   54   57   58   58   57   56   55   53   51   47   45   43
   41   40   39   39   40   40   41   41   41
    52.5-180.0 180.0   5.0 450.0                            LAT/LON1/LON2/DLON/H
   44   43   43   46   50   57   66   77   88   99  109  120  130  137  145  149
  154  160  163  162  157  150  140  129  120  111  104   98   92   86   78   70
   63   56   49   44   40   39   40   43   46   49   50   51   50   50   49   48
   50   53   55   57   60   62   64   64   63   62   60   59   57   54   51   49
   48   47   45   44   45   45   46   45   44
    50.0-180.0 180.0   5.0 450.0                            LAT/LON1/LON2/DLON/H
   48   47   46   49   55   63   72   84   96  109  121  131  141  149  156  161
  167  173  176  175  169  160  149  138  130  122  116  110  104   96   87   78
   70   63   57   52   49   48   50   52   56   59   61   62   62   61   59   58
   58   61   63   65   67   70   72   73   72   71   69   67   65   63   60   59
   57   55   53   52   52   52   53   51   48
    47.5-180.0 180.0   5.0 450.0                            LAT/LON1/LON2/DLON/H
   54   52   52   54   60   68   78   90  104  116  129  140  151  159  166  172
  179  185  188  187  179  169  159  147  139  132  126  121  114  105   94   85
   77   70   65   61   59   58   59   62   66   69   72   72   72   70   69   68
   67   69   71   73   75   79   80   81   82   80   78   76   74   73   70   68
   67   65   63   61   60   60   60   57   54
    45.0-180.0 180.0   5.0 450.0                            LAT/LON1/LON2/DLON/H
   60   57   57   59   66   74   84   96  110  122  135  147  157  166  173  182
  189  195  197  196  189  177  166  155  147  141  135  128  120  111   98   88
   81   76   72   70   68   67   68   71   75   78   80   80   80   78   77   77
   77   77   79   81   83   85   87   87   87   86   84   82   81   81   80   78
   76   74   73   70   68   66   65   63   60
    42.5-180.0 180.0   5.0 450.0                            LAT/LON1/LON2/DLON/H
   63   60   60   64   70   80   90  102  113  125  137  149  160  170  179  188
  196  202  205  203  195  184  172  162  154  148  141  133  123  113  101   91
   84   81   79   77   76   75   76   79   82   84   86   86   85   85   83   83
   83   84   84   86   87   88   90   90   89   88   87   86   86   86   85   84
   82   80   78   76   73   71   68   65   63
    40.0-180.0 180.0   5.0 450.0                            LAT/LON1/LON2/DLON/H
   63   62   63   68   75   85   95  106  116  127  139  150  162  172  181  193
  201  208  209  206  198  188  177  168  159  152  144  136  124  113  102   94
   88   85   84   82   82   81   82   84   87   90   91   91   90   88   87   86
   87   87   87   87   88   89   89   89   89   89   89   88   89   89   88   87
   85   83   80   78   74   71   68   65   63
    37.5-180.0 180.0   5.0 450.0                            LAT/LON1/LON2/DLON/H
   62   61   64   71   80   90  100  109  118  128  139  151  161  172  182  194
  204  210  210  205  197  189  180  170  162  155  147  138  127  116  106   99
   94   92   89   87   86   85   86   90   93   95   95   95   93   90   89   88
   88   88   87   86   86   86   87   86   87   87   88   88   89   89   88   86
   84   82   80   77   73   70   67   64   62
    35.0-180.0 180.0   5.0 450.0                            LAT/LON1/LON2/DLON/H
   59   60   64   73   84   95  104  111  119  128  139  150  160  171  183  194
  204  209  209  204  196  188  180  171  164  158  151  142  132  122  114  108
  103   99   95   91   89   89   91   95   97   99  100   98   95   92   89   88
   87   86   85   84   83   83   84   84   85   85   86   87   87   87   86   83
   81   78   77   74   71   68   65   61   59
    32.5-180.0 180.0   5.0 450.0                            LAT/LON1/LON2/DLON/H
   57   59   65   76   88  100  108  114  119  128  139  151  161  170  182  194
  204  208  207  203  195  187  179  173  167  162  156  148  139  132  127  121
  116  110  103   97   93   94   97  100  103  105  104  101   98   94   91   88
   86   85   84   82   82   81   82   83   83   83   84   85   85   84   81   78
   75   73   72   70   68   66   63   60   57
    30.0-180.0 180.0   5.0 450.0                            LAT/LON1/LON2/DLON/H
   57   60   67   80   94  105  113  117  121  129  140  151  160  169  179  192
  203  208  207  202  195  187  180  176  170  165  160  154  149  146  144  140
  135  127  117  107  102  102  104  107  110  111  109  105  102   98   94   90
   89   86   84   83   83   83   83   83   83   83   82   83   83   81   78   74
   70   68   67   66   65   64   62   59   57
    27.5-180.0 180.0   5.0 450.0                            LAT/LON1/LON2/DLON/H
   59   62   71   85  100  111  118  121  125  133  143  152  161  168  177  190
  201  206  205  201  193  187  183  178  173  168  163  162  161  163  166  165
  160  151  136  124  116  112  114  117  120  118  115  113  109  104   99   97
   94   91   87   85   84   83   84   84   84   83   83   83   83   80   76   70
   67   64   63   62   63   63   62   60   59
    25.0-180.0 180.0   5.0 450.0                            LAT/LON1/LON2/DLON/H
   61   65   75   91  106  118  123  126  130  139  149  156  163  168  177  189
  199  204  204  199  193  189  186  181  178  173  170  172  177  186  194  196
  193  181  162  146  134  128  128  131  132  128  125  122  119  113  107  102
   99   96   92   89   87   86   87   88   88   87   86   86   84   80   75   69
   65   62   61   61   62   63   63   61   61
    22.5-180.0 180.0   5.0 450.0                            LAT/LON1/LON2/DLON/H
   65   69   81   98  114  125  130  132  136  146  156  162  167  172  179  189
  198  202  203  199  194  192  191  188  185  182  180  187  196  213  226  231
  229  214  192  173  158  149  147  148  146  141  134  132  130  124  116  109
  104  102   99   95   93   92   92   93   93   92   91   89   86   81   75   69
   64   62   60   61   63   64   65   64   65
    20.0-180.0 180.0   5.0 450.0                            LAT/LON1/LON2/DLON/H
   68   74   87  106  123  134  138  140  144  153  163  170  175  178  184  191
  198  202  204  202  199  199  199  197  194  193  194  204  219  240  259  269
  264  248  223  202  186  174  167  164  157  149  144  143  139  135  129  119
  113  111  107  104  101  100  101  100  100   98   95   92   88   83   76   70
   65   62   61   62   64   66   67   67   68
    17.5-180.0 180.0   5.0 450.0                            LAT/LON1/LON2/DLON/H
   69   77   93  114  131  142  146  149  154  163  172  180  184  187  192  197
  202  205  208  208  208  208  208  207  204  204  210  224  243  266  288  298
  295  275  254  231  212  196  184  175  166  157  153  152  152  149  141  130
  123  122  118  114  111  110  109  109  108  106  101   96   90   84   79   71
   66   64   64   63   65   67   68   68   69
    15.0-180.0 180.0   5.0 450.0                            LAT/LON1/LON2/DLON/H
   70   80   98  120  139  150  155  158  164  172  181  189  194  199  202  205
  208  211  214  215  216  216  216  215  214  217  226  243  265  289  312  320
  315  297  276  255  234  215  199  184  172  165  162  162  165  161  152  140
  134  133  131  126  121  118  117  117  115  112  106   99   92   86   80   73
   67   65   65   64   65   67   68   68   70
    12.5-180.0 180.0   5.0 450.0                            LAT/LON1/LON2/DLON/H
   71   82  102  125  146  158  163  168  175  183  192  200  206  212  214  215
  216  218  221  224  224  225  224  223  224  230  243  264  287  310  328  333
  326  312  293  274  254  233  213  194  181  173  172  173  175  168  159  149
  144  142  140  136  130  126  123  121  120  114  108  101   94   86   80   73
   68   66   65   65   64   64   65   66   71
    10.0-180.0 180.0   5.0 450.0                            LAT/LON1/LON2/DLON/H
   69   84  106  131  153  166  173  179  186  195  205  213  219  227  228  228
  225  225  227  230  234  235  233  233  237  246  264  285  307  327  337  338
  332  321  307  291  272  250  229  208  193  185  181  181  177  168  162  154
  150  149  148  143  136  130  127  123  120  113  106   99   93   85   79   72
   68   65   64   62   61   60   60   62   69
     7.5-180.0 180.0   5.0 450.0                            LAT/LON1/LON2/DLON/H
   68   85  109  134  158  174  184  191  200  209  219  226  233  242  244  242
  236  234  235  238  242  243  243  247  254  268  288  307  325  337  342  341
  336  329  319  308  292  269  247  225  208  198  191  185  177  167  162  156
  153  153  151  145  137  130  126  122  118  111  103   96   89   84   78   72
   68   64   62   60   57   55   55   58   68
     5.0-180.0 180.0   5.0 450.0                            LAT/LON1/LON2/DLON/H
   64   84  110  137  161  180  194  203  213  222  230  237  246  255  258  254
  248  244  244  247  249  251  254  262  275  291  310  327  338  345  347  346
  343  339  334  327  311  289  266  243  224  211  201  190  178  169  163  158
  155  154  152  146  137  130  125  120  116  109  101   94   88   83   78   73
   69   65   61   58   54   50   49   53   64
     2.5-180.0 180.0   5.0 450.0                            LAT/LON1/LON2/DLON/H
   62   84  110  138  163  184  202  215  227  234  240  248  257  265  269  266
  260  254  252  255  257  260  265  277  293  311  328  341  349  354  355  355
  354  352  351  343  328  307  284  258  236  221  209  196  185  176  169  162
  158  156  153  147  138  130  125  120  115  107  100   93   89   84   80   75
   70   66   62   57   52   47   46   50   62
