IONEX/igrg3650.15i
     1.0            IONOSPHERE MAPS     MIX                 IONEX VERSION / TYPE
tecrms2ionex_2.awk  GRL/UWM            01/01/16 2301UT      PGM / RUN BY / DATE
Global ionosphere maps for day 365, 2015 (31-12-2015)       DESCRIPTION
IONEX file containing the COMBINED IGS Ionosphere maps      DESCRIPTION
from the combination of the following IAACs:                DESCRIPTION
esrg                                                        DESCRIPTION
jprg                                                        DESCRIPTION
Contact address: Andrzej Krankowski                         DESCRIPTION
                 Geodynamics Research Laboratory            DESCRIPTION
                 University of Warmia and Mazury (GRL/UWM)  DESCRIPTION
                 Oczapowski St. 1                           DESCRIPTION
                 10-957-Olsztyn, POLAND                     DESCRIPTION
                 e-mail:  kand@uwm.edu.pl                   DESCRIPTION
                                                            DESCRIPTION
  2015    12    31     0     0     0                        EPOCH OF FIRST MAP
  2016     1     1     0     0     0                        EPOCH OF LAST MAP
  7200                                                      INTERVAL
    13                                                      # OF MAPS IN FILE
  COSZ                                                      MAPPING FUNCTION
     0.0                                                    ELEVATION CUTOFF
Combined TEC calculated as weighted mean of input TEC valuesOBSERVABLES USED
   262                                                      # OF STATIONS
    31                                                      # OF SATELLITES
  6371.0                                                    BASE RADIUS
     2                                                      MAP DIMENSION
   450.0 450.0   0.0                                        HGT1 / HGT2 / DHGT
    87.5 -87.5  -2.5                                        LAT1 / LAT2 / DLAT
  -180.0 180.0   5.0                                        LON1 / LON2 / DLON
    -1                                                      EXPONENT
TEC values in  0.1 TECUs; 9999 if no value available        COMMENT
DCB values in nanoseconds, reference is Sum_of_SatDCBs = 0  COMMENT
                                                            END OF HEADER
     1                                                      START OF TEC MAP
  2015    12    31     0     0     0                        EPOCH OF CURRENT MAP
    87.5-180.0 180.0   5.0 450.0                            LAT/LON1/LON2/DLON/H
   67   67   67   67   67   67   67   66   66   66   65   65   65   64   64   64
   63   63   62   62   62   61   61   61   60   60   60   60   60   60   60   60
   60   60   61   61   61   61   61   62   62   63   63   63   63   64   64   65
   65   65   65   65   65   66   66   66   66   67   67   67   67   67   67   67
   67   67   67   67   67   67   67   67   67
    85.0-180.0 180.0   5.0 450.0                            LAT/LON1/LON2/DLON/H
   68   68   68   68   68   68   68   67   67   66   66   65   65   64   63   62
   61   60   59   58   57   56   56   55   54   54   54   54   53   53   54   54
   54   55   56   56   57   57   58   59   59   60   60   61   62   62   63   63
   64   64   64   64   65   65   65   65   66   66   66   66   66   66   66   66
   66   66   67   67   67   67   67   67   68
    82.5-180.0 180.0   5.0 450.0                            LAT/LON1/LON2/DLON/H
   65   66   66   67   67   68   68   67   67   66   66   65   64   63   61   60
   58   57   56   54   52   51   50   49   48   48   48   48   48   48   49   49
   50   51   52   53   54   55   55   56   57   58   58   59   59   60   60   61
   61   62   62   62   62   62   63   63   63   63   62   62   62   62   62   62
   62   62   62   62   63   64   64   65   65
    80.0-180.0 180.0   5.0 450.0                            LAT/LON1/LON2/DLON/H
   61   62   63   64   65   66   66   66   66   66   65   64   63   61   59   57
   55   54   52   50   48   47   46   45   44   43   43   43   44   45   45   47
   48   49   50   52   53   54   55   55   56   56   56   56   57   56   56   57
   57   58   58   58   58   58   58   58   58   58   57   56   56   56   55   55
   55   55   55   56   56   57   58   60   61
    77.5-180.0 180.0   5.0 450.0                            LAT/LON1/LON2/DLON/H
   57   58   60   62   63   63   64   64   64   64   63   62   61   59   57   55
   53   51   49   48   45   44   42   42   41   41   41   41   42   43   44   46
   47   49   50   51   53   54   54   54   54   53   53   53   53   52   52   52
   52   52   53   53   53   53   53   52   52   51   50   49   48   47   47   46
   46   47   47   48   50   51   53   55   57
    75.0-180.0 180.0   5.0 450.0                            LAT/LON1/LON2/DLON/H
   55   57   59   61   62   64   64   64   64   63   62   61   59   57   55   53
   51   50   48   46   44   43   42   41   40   39   40   40   40   41   42   44
   45   47   49   51   52   53   53   53   52   51   50   49   47   47   46   46
   45   46   46   47   47   47   46   46   45   44   43   42   40   40   39   38
   39   40   41   42   44   47   49   52   55
    72.5-180.0 180.0   5.0 450.0                            LAT/LON1/LON2/DLON/H
   57   60   62   64   65   66   66   65   65   64   62   61   59   57   55   52
   50   48   46   45   43   42   41   40   40   40   39   40   40   41   40   42
   42   44   46   47   49   50   49   49   48   46   45   43   41   40   39   39
   39   39   39   40   41   41   40   39   38   37   36   34   33   33   32   33
   34   35   38   40   43   47   50   53   57
    70.0-180.0 180.0   5.0 450.0                            LAT/LON1/LON2/DLON/H
   63   66   69   71   71   71   71   70   69   67   64   62   60   57   54   51
   49   47   45   44   43   42   41   41   40   40   39   39   40   39   38   38
   38   39   40   41   43   43   44   43   42   40   38   36   35   33   33   33
   33   33   35   35   35   35   35   34   33   32   31   30   29   29   30   31
   33   36   39   43   46   51   55   59   63
    67.5-180.0 180.0   5.0 450.0                            LAT/LON1/LON2/DLON/H
   74   77   79   80   80   79   78   76   73   71   69   65   62   59   55   52
   49   46   44   43   42   41   40   40   40   39   39   38   38   36   36   34
   33   33   33   34   35   36   36   35   34   33   31   30   28   28   28   28
   29   29   30   31   31   31   31   31   29   28   28   27   27   29   31   34
   37   41   45   50   54   59   65   70   74
    65.0-180.0 180.0   5.0 450.0                            LAT/LON1/LON2/DLON/H
   87   90   92   91   91   88   86   83   79   76   73   70   65   62   57   54
   49   46   44   42   41   40   39   39   39   38   37   36   36   34   32   30
   28   27   26   27   27   28   28   29   28   26   26   25   25   25   25   26
   28   28   30   30   30   30   30   29   28   28   28   28   30   33   37   41
   46   50   55   60   67   73   78   83   87
    62.5-180.0 180.0   5.0 450.0                            LAT/LON1/LON2/DLON/H
  101  103  104  103  101   98   93   89   85   82   78   74   70   66   61   56
   51   47   43   41   39   38   37   37   36   35   35   34   33   32   29   26
   24   22   22   22   23   24   24   25   24   24   25   25   26   27   28   29
   30   31   32   32   31   31   31   30   29   29   30   32   35   40   46   52
   58   64   70   75   81   87   93   98  101
    60.0-180.0 180.0   5.0 450.0                            LAT/LON1/LON2/DLON/H
  114  116  115  113  110  106  101   96   91   87   82   79   75   70   65   59
   53   48   44   40   37   36   34   34   33   33   33   32   31   30   28   26
   23   21   21   21   22   23   25   26   26   27   29   30   32   33   34   34
   35   35   35   35   34   34   34   33   33   34   35   38   44   50   57   65
   72   79   85   90   96  101  107  111  114
    57.5-180.0 180.0   5.0 450.0                            LAT/LON1/LON2/DLON/H
  125  126  124  121  118  113  107  102   97   92   88   84   80   76   70   64
   57   50   44   39   36   34   32   31   31   31   31   31   30   30   29   27
   25   24   23   24   26   27   29   31   34   36   39   41   41   42   44   44
   44   43   42   41   40   39   39   38   39   40   42   47   53   61   70   78
   86   93   99  105  110  114  119  123  125
    55.0-180.0 180.0   5.0 450.0                            LAT/LON1/LON2/DLON/H
  135  134  132  129  125  120  114  108  102   98   93   89   85   81   76   69
   61   53   45   39   35   33   31   30   29   30   30   31   31   32   31   30
   29   28   29   31   33   35   38   42   46   49   52   54   55   55   55   55
   53   52   50   49   47   46   45   46   46   48   51   56   63   72   81   90
   99  106  112  118  122  127  130  134  135
    52.5-180.0 180.0   5.0 450.0                            LAT/LON1/LON2/DLON/H
  143  143  140  136  132  127  121  116  111  105  100   95   91   87   81   74
   65   56   48   41   37   34   31   30   29   29   31   32   34   35   36   35
   35   35   37   39   42   46   50   54   59   63   66   68   69   68   67   66
   64   61   59   58   57   55   55   54   55   57   60   65   72   82   91  100
  109  116  122  128  133  137  140  143  143
    50.0-180.0 180.0   5.0 450.0                            LAT/LON1/LON2/DLON/H
  152  151  147  144  139  134  130  125  121  115  109  103   98   93   87   79
   70   60   52   46   40   37   34   32   31   31   33   35   38   40   41   41
   41   42   44   47   51   56   60   65   70   75   78   80   80   80   79   77
   74   72   69   68   67   66   65   64   64   66   70   75   83   91  100  109
  117  124  131  137  142  147  151  152  152
    47.5-180.0 180.0   5.0 450.0                            LAT/LON1/LON2/DLON/H
  161  159  156  151  147  142  138  135  132  127  120  113  105   99   92   84
   76   66   58   51   47   42   40   37   36   35   37   40   44   45   46   46
   47   48   51   55   58   64   68   73   79   83   86   88   89   89   89   87
   84   81   79   78   77   76   75   74   73   75   79   84   92  100  108  116
  123  130  137  144  151  156  159  161  161
    45.0-180.0 180.0   5.0 450.0                            LAT/LON1/LON2/DLON/H
  169  167  163  158  153  148  146  144  142  138  131  123  114  106   99   91
   82   73   65   58   54   51   48   45   43   42   44   47   50   52   51   51
   52   54   57   60   64   68   73   77   81   85   89   92   95   96   97   96
   93   90   87   86   85   85   83   82   82   84   87   93  100  108  115  121
  128  135  143  151  158  164  168  169  169
    42.5-180.0 180.0   5.0 450.0                            LAT/LON1/LON2/DLON/H
  176  174  169  163  157  151  150  151  151  148  142  133  124  115  106   98
   89   81   73   68   64   62   59   56   53   51   52   55   57   58   57   57
   57   58   61   64   68   71   74   77   80   83   88   93   98  102  103  103
  100   97   93   92   92   89   89   87   87   90   94  101  107  114  120  126
  132  139  148  157  166  171  175  177  176
    40.0-180.0 180.0   5.0 450.0                            LAT/LON1/LON2/DLON/H
  182  179  174  166  158  153  151  152  155  155  151  143  134  124  115  106
   98   90   83   78   75   74   72   69   64   62   61   63   65   65   63   62
   62   64   66   68   69   71   73   75   77   81   86   93  100  105  108  107
  105  100   97   95   94   92   90   90   91   94   99  106  114  121  126  131
  136  143  152  162  171  177  180  182  182
    37.5-180.0 180.0   5.0 450.0                            LAT/LON1/LON2/DLON/H
  184  183  177  168  159  152  149  150  154  156  155  149  142  134  125  117
  107   99   92   88   87   87   85   82   76   72   72   72   73   72   70   69
   69   71   72   72   72   72   73   74   77   80   86   94  101  107  110  110
  106  101   97   95   93   91   90   90   92   97  104  111  119  126  131  135
  140  147  156  167  175  181  183  185  184
    35.0-180.0 180.0   5.0 450.0                            LAT/LON1/LON2/DLON/H
  187  186  181  171  161  152  147  147  150  153  155  152  148  142  136  127
  118  109  102   98   97   98   97   93   88   83   81   82   81   80   78   77
   78   79   80   78   76   75   75   77   79   83   89   96  103  108  110  109
  105   99   94   91   89   87   86   88   92   99  107  115  124  131  136  140
  145  152  161  172  181  186  187  187  187
    32.5-180.0 180.0   5.0 450.0                            LAT/LON1/LON2/DLON/H
  194  193  188  180  169  159  150  145  145  147  150  151  151  149  145  137
  127  118  110  106  105  106  105  102   96   92   90   89   89   88   86   86
   87   90   90   87   83   80   81   83   87   90   95  100  104  108  109  107
  101   94   89   86   83   81   81   84   91   99  108  119  129  137  142  146
  151  158  169  180  190  194  195  194  194
    30.0-180.0 180.0   5.0 450.0                            LAT/LON1/LON2/DLON/H
  209  208  206  199  188  175  161  149  142  140  142  146  149  152  150  144
  134  124  117  112  111  111  111  107  102   98   97   97   97   97   94   94
   97  101  102   98   92   88   89   93   97   99  102  104  105  106  106  102
   95   89   83   79   76   74   75   80   88   99  110  122  133  142  149  154
  160  168  180  193  204  211  212  210  209
    27.5-180.0 180.0   5.0 450.0                            LAT/LON1/LON2/DLON/H
  237  237  237  233  223  206  186  164  147  137  135  138  144  150  152  147
  138  128  121  116  114  113  112  109  106  104  104  105  105  104  102  102
  107  113  114  110  102   98   99  103  106  107  107  106  105  103  101   96
   89   81   76   73   69   67   69   76   87   99  113  126  138  148  156  163
  172  181  194  211  227  237  240  239  237
    25.0-180.0 180.0   5.0 450.0                            LAT/LON1/LON2/DLON/H
  279  281  286  286  277  257  228  195  164  142  132  131  136  145  149  146
  138  128  122  118  115  113  111  109  109  110  113  116  115  112  109  109
  116  123  126  120  112  106  106  110  112  112  109  105  102   99   95   89
   81   73   69   66   63   62   65   74   86  101  117  131  145  156  166  175
  184  197  214  234  256  272  280  281  279
    22.5-180.0 180.0   5.0 450.0                            LAT/LON1/LON2/DLON/H
  332  339  353  360  351  325  288  242  196  160  138  130  131  138  143  140
  133  126  120  117  113  110  108  109  113  120  128  131  129  123  117  116
  123  133  135  128  119  112  111  113  114  111  105  101   97   94   89   82
   74   68   64   62   59   58   63   74   88  105  121  137  152  165  176  188
  200  215  236  260  287  312  327  331  332
    20.0-180.0 180.0   5.0 450.0                            LAT/LON1/LON2/DLON/H
  385  400  426  444  438  409  363  306  246  194  158  139  134  136  138  135
  127  121  117  114  109  105  104  109  119  134  147  152  146  136  126  122
  130  139  141  133  122  114  110  111  110  105   99   95   92   89   84   77
   70   65   62   61   57   57   63   76   93  110  127  145  161  176  189  202
  217  236  259  287  319  350  373  381  385
    17.5-180.0 180.0   5.0 450.0                            LAT/LON1/LON2/DLON/H
  430  453  493  523  522  493  445  381  310  244  195  164  149  143  140  133
  124  117  114  111  107  102  103  113  130  152  170  174  166  150  136  130
  136  145  144  134  122  112  107  107  105   99   93   89   88   87   82   75
   69   65   64   61   59   58   65   80   99  118  135  154  172  187  202  217
  236  258  284  313  346  381  408  420  430
    15.0-180.0 180.0   5.0 450.0                            LAT/LON1/LON2/DLON/H
  454  486  538  579  586  562  518  455  380  306  246  204  179  163  151  140
  128  119  115  112  108  104  108  122  144  171  192  197  185  165  146  138
  142  148  145  133  119  109  106  104  101   96   91   88   88   87   83   77
   72   69   69   66   62   62   69   87  107  126  143  163  183  200  215  232
  254  280  307  335  366  400  427  441  454
    12.5-180.0 180.0   5.0 450.0                            LAT/LON1/LON2/DLON/H
  453  488  546  598  615  601  567  513  442  368  304  256  222  196  176  157
  140  128  123  120  116  113  120  136  160  188  210  213  199  177  156  146
  148  151  145  132  118  111  108  107  104  100   96   94   94   92   88   83
   79   77   76   72   68   67   75   95  116  135  152  172  192  210  226  245
  270  300  328  353  379  406  429  440  453
    10.0-180.0 180.0   5.0 450.0                            LAT/LON1/LON2/DLON/H
  432  462  518  571  598  600  582  544  486  420  359  310  271  238  211  186
  165  148  139  135  131  132  141  158  178  201  220  221  205  183  164  154
  154  155  149  135  123  117  117  117  115  112  109  106  105  103   98   93
   90   88   85   79   74   73   82  102  124  143  160  178  199  218  235  255
  283  315  343  364  384  404  419  424  432
     7.5-180.0 180.0   5.0 450.0                            LAT/LON1/LON2/DLON/H
  400  422  466  513  544  557  558  541  502  450  400  356  318  283  251  222
  197  177  164  158  156  160  171  184  196  209  220  218  204  185  169  162
  161  162  156  145  136  134  135  136  135  132  128  125  121  117  112  108
  104  100   95   87   80   79   89  109  131  149  165  183  203  221  239  261
  291  324  351  369  383  395  403  400  400
     5.0-180.0 180.0   5.0 450.0                            LAT/LON1/LON2/DLON/H
  371  379  407  442  471  491  505  506  487  455  420  388  355  322  290  260
  233  211  195  187  187  194  207  215  214  213  213  209  197  183  173  168
  170  172  169  163  157  157  160  159  157  154  150  146  140  135  129  124
  120  113  104   94   85   84   94  114  135  152  166  183  203  221  238  260
  292  326  353  369  380  386  388  379  371
     2.5-180.0 180.0   5.0 450.0                            LAT/LON1/LON2/DLON/H
  356  351  361  381  402  424  444  456  452  437  418  399  377  352  323  296
  270  246  228  218  220  230  242  243  229  213  204  197  188  179  175  174
  179  186  188  186  183  184  184  182  179  175  171  166  160  153  147  141
  134  125  113   98   88   86   97  116  137  152  164  180  198  215  233  255
  286  321  348  365  374  380  379  369  356
