IONEX/igrg0260.06i
     1.0            IONOSPHERE MAPS     MIX                 IONEX VERSION / TYPE
tecrms2ionex_2.awk  gAGE/UPC            01/27/06 2101UT     PGM / RUN BY / DATE
Global ionosphere maps for day  26, 2006 (26- 1-2006)       DESCRIPTION
IONEX file containing the COMBINED IGS Ionosphere maps      DESCRIPTION
from the combination of the following IAACs:                DESCRIPTION
corg                                                        DESCRIPTION
esrg                                                        DESCRIPTION
jprg                                                        DESCRIPTION
uprg                                                        DESCRIPTION
Contact address: Manuel Hernandez-Pajares                   DESCRIPTION
                 Res. group of Astronomy and Geomatics      DESCRIPTION
                 Technical Univ. of Catalonia (gAGE/UPC)    DESCRIPTION
                 Mod. C3 Campus Nord UPC                    DESCRIPTION
                 E08034-Barcelona, SPAIN                    DESCRIPTION
                 e-mail:  manuel@mat.upc.es                 DESCRIPTION
                                                            DESCRIPTION
  2006     1    26     0     0     0                        EPOCH OF FIRST MAP
  2006     1    27     0     0     0                        EPOCH OF LAST MAP
  7200                                                      INTERVAL
    13                                                      # OF MAPS IN FILE
  COSZ                                                      MAPPING FUNCTION
     0.0                                                    ELEVATION CUTOFF
Combined TEC calculated as weighted mean of input TEC valuesOBSERVABLES USED
   279                                                      # OF STATIONS
    29                                                      # OF SATELLITES
  6371.0                                                    BASE RADIUS
     2                                                      MAP DIMENSION
   450.0 450.0   0.0                                        HGT1 / HGT2 / DHGT
    87.5 -87.5  -2.5                                        LAT1 / LAT2 / DLAT
  -180.0 180.0   5.0                                        LON1 / LON2 / DLON
    -1                                                      EXPONENT
TEC values in  0.1 TECUs; 9999 if no value available        COMMENT
DCB values in nanoseconds, reference is Sum_of_SatDCBs = 0  COMMENT
                                                            END OF HEADER
[from data line 429]
     2                                                      START OF TEC MAP
  2006     1    26     2     0     0                        EPOCH OF CURRENT MAP
    87.5-180.0 180.0   5.0 450.0                            LAT/LON1/LON2/DLON/H
   58   58   58   59   59   59   59   59   59   59   59   59   59   59   59   59
   58   58   57   57   56   55   55   54   53   52   52   51   50   49   49   48
   48   48   47   46   46   46   46   47   47   47   47   47   47   47   48   48
   49   49   49   50   50   51   51   52   53   53   53   54   54   55   55   55
   56   56   56   56   57   57   57   58   58
    85.0-180.0 180.0   5.0 450.0                            LAT/LON1/LON2/DLON/H
   65   65   65   66   66   65   65   65   65   64   64   63   63   63   62   61
   60   60   58   58   57   55   53   51   49   48   47   45   44   44   43   42
   42   41   41   40   41   41   41   41   41   42   41   42   43   43   43   43
   44   45   46   47   48   49   50   51   52   53   54   54   55   55   56   57
   57   58   59   60   61   62   63   64   65
    82.5-180.0 180.0   5.0 450.0                            LAT/LON1/LON2/DLON/H
   67   67   68   69   69   69   69   68   69   68   67   66   66   65   65   64
   62   61   60   59   56   55   51   49   48   46   44   42   41   39   37   36
   36   36   36   36   36   37   38   39   40   41   42   43   43   43   43   44
   44   45   46   46   47   49   50   51   53   53   54   54   55   56   57   58
   60   61   62   63   64   65   66   67   67
    80.0-180.0 180.0   5.0 450.0                            LAT/LON1/LON2/DLON/H
   71   73   73   73   73   72   70   69   68   67   66   65   64   63   62   61
   60   59   58   56   55   54   51   50   46   43   41   39   36   34   33   32
   31   31   33   34   35   37   39   41   42   44   45   46   48   48   48   47
   47   47   48   48   49   49   50   51   52   53   53   54   56   57   59   60
   61   62   64   64   66   68   69   70   71
    77.5-180.0 180.0   5.0 450.0                            LAT/LON1/LON2/DLON/H
   76   78   77   76   75   72   70   68   66   65   64   62   61   61   61   60
   59   58   57   56   55   53   51   47   43   41   39   36   33   31   29   26
   27   28   31   34   37   40   42   45   47   50   51   52   54   54   54   53
   52   52   51   51   51   51   51   51   51   51   52   53   55   58   60   61
   63   65   66   68   70   71   74   76   76
    75.0-180.0 180.0   5.0 450.0                            LAT/LON1/LON2/DLON/H
   83   83   83   80   78   74   71   68   65   62   60   59   58   57   56   55
   55   55   55   55   53   50   49   47   43   40   36   32   30   28   27   27
   27   29   33   37   42   45   48   51   54   56   58   60   60   60   60   59
   57   56   54   52   52   52   51   51   50   50   50   52   54   57   59   62
   65   67   69   71   73   76   79   81   83
    72.5-180.0 180.0   5.0 450.0                            LAT/LON1/LON2/DLON/H
   88   89   88   85   82   78   74   70   66   62   59   56   53   50   49   50
   50   51   52   51   51   48   48   46   41   38   34   31   29   27   26   27
   29   33   36   41   46   50   53   55   57   60   63   64   64   64   64   63
   61   58   56   52   51   49   48   47   48   48   50   51   54   56   59   63
   66   69   72   75   79   81   83   86   88
    70.0-180.0 180.0   5.0 450.0                            LAT/LON1/LON2/DLON/H
   93   93   93   92   90   85   81   75   69   63   57   52   48   46   45   45
   46   48   49   50   48   46   46   44   41   38   34   32   30   29   29   30
   33   36   40   44   48   53   55   59   59   61   64   65   65   65   65   64
   61   58   55   50   48   46   45   45   46   49   50   53   56   59   62   67
   69   71   75   79   82   85   87   90   93
    67.5-180.0 180.0   5.0 450.0                            LAT/LON1/LON2/DLON/H
   98  100  100  100   97   94   88   82   74   65   58   53   48   45   44   43
   44   45   46   46   46   45   45   42   40   38   36   35   34   33   33   34
   36   40   43   45   48   52   56   57   58   59   61   63   63   63   63   61
   59   55   51   48   45   44   45   46   48   51   55   57   61   64   68   71
   74   76   79   83   86   89   92   96   98
    65.0-180.0 180.0   5.0 450.0                            LAT/LON1/LON2/DLON/H
  103  106  107  107  105  101   96   88   79   70   62   55   50   47   44   43
   43   44   44   45   44   43   43   41   39   40   39   40   39   39   40   39
   40   42   45   46   47   49   51   53   53   54   55   57   57   58   57   56
   53   50   47   44   43   43   45   49   53   58   62   65   69   72   75   78
   81   84   87   90   92   96   99  102  103
    62.5-180.0 180.0   5.0 450.0                            LAT/LON1/LON2/DLON/H
  110  112  113  112  110  107  102   95   85   76   67   59   53   50   46   45
   44   44   44   44   43   42   41   40   40   40   41   43   44   44   44   44
   44   44   46   46   44   43   43   44   45   45   47   48   50   51   51   49
   47   44   41   40   40   43   46   52   59   67   72   75   79   82   85   87
   90   92   95   97  100  103  106  108  110
    60.0-180.0 180.0   5.0 450.0                            LAT/LON1/LON2/DLON/H
  118  119  119  117  115  111  108  100   90   81   71   63   57   52   49   47
   46   46   45   44   43   41   40   41   40   41   42   45   46   47   47   48
   46   45   43   43   41   37   36   36   37   38   40   42   44   45   45   44
   42   40   38   38   40   44   49   57   66   76   82   87   90   93   95   97
   99  101  104  106  108  111  115  116  118
    57.5-180.0 180.0   5.0 450.0                            LAT/LON1/LON2/DLON/H
  126  126  125  122  119  116  111  104   95   85   74   67   60   54   52   50
   49   48   46   44   42   41   41   41   41   42   44   46   48   50   50   51
   46   44   41   38   37   34   31   30   33   35   37   40   42   43   43   43
   41   39   38   39   42   48   55   64   75   86   92   98  101  103  105  107
  109  111  114  115  117  119  123  125  126
    55.0-180.0 180.0   5.0 450.0                            LAT/LON1/LON2/DLON/H
  134  133  131  127  122  118  113  106   98   87   77   69   62   56   53   51
   50   49   46   44   42   41   41   42   43   43   45   47   48   50   50   52
   47   43   40   37   34   32   31   32   34   37   40   42   45   45   45   44
   42   40   40   42   47   53   62   73   85   96  103  108  111  113  115  116
  118  121  122  123  125  127  130  133  134
    52.5-180.0 180.0   5.0 450.0                            LAT/LON1/LON2/DLON/H
  141  140  137  131  125  120  114  107   99   90   79   71   62   57   53   51
   49   48   45   43   41   41   41   43   45   46   46   47   48   48   48   52
   49   45   42   40   39   37   38   39   41   45   47   49   50   51   49   47
   45   44   43   46   52   60   71   83   95  105  112  117  120  122  123  124
  126  128  129  130  132  135  138  141  141
    50.0-180.0 180.0   5.0 450.0                            LAT/LON1/LON2/DLON/H
  149  147  141  135  127  121  115  109  101   91   81   71   63   57   53   50
   48   45   43   41   40   41   42   45   47   48   48   49   49   49   49   52
   52   51   50   48   48   47   47   48   51   54   56   57   57   56   54   51
   49   47   47   50   58   69   79   93  104  113  119  124  127  130  131  132
  133  133  135  136  138  142  146  148  149
    47.5-180.0 180.0   5.0 450.0                            LAT/LON1/LON2/DLON/H
  155  151  144  136  128  123  117  111  104   94   84   74   64   57   54   50
   47   44   41   39   39   41   44   48   51   52   52   52   52   51   52   54
   57   58   58   58   57   58   58   59   61   63   64   64   64   62   59   57
   54   53   53   58   66   78   90  102  113  120  126  130  134  136  138  139
  140  140  140  141  143  146  151  155  155
    45.0-180.0 180.0   5.0 450.0                            LAT/LON1/LON2/DLON/H
  159  154  145  136  128  123  120  116  109   99   88   78   68   60   55   52
   48   45   41   40   41   44   49   53   56   58   58   57   56   55   56   58
   62   65   66   66   67   67   66   67   68   69   69   69   68   67   65   63
   60   59   60   66   76   88   99  111  120  127  132  136  140  142  145  146
  146  146  144  144  146  149  154  158  159
    42.5-180.0 180.0   5.0 450.0                            LAT/LON1/LON2/DLON/H
  159  153  143  133  126  123  123  121  116  107   96   85   75   66   60   55
   51   48   45   45   47   51   56   60   63   66   65   64   62   61   61   64
   67   70   71   72   73   72   71   70   71   71   71   71   72   71   70   68
   66   65   67   74   85   96  108  118  126  131  136  141  144  148  150  152
  152  150  148  147  148  152  157  160  159
    40.0-180.0 180.0   5.0 450.0                            LAT/LON1/LON2/DLON/H
  159  151  139  128  122  121  123  125  122  115  105   93   83   74   67   61
   56   53   52   53   56   60   65   69   72   73   72   70   67   67   67   68
   71   73   74   75   75   74   72   71   70   71   71   72   72   73   73   71
   69   70   74   81   93  104  115  124  130  135  139  145  149  154  156  158
  157  155  152  149  150  153  158  160  159
    37.5-180.0 180.0   5.0 450.0                            LAT/LON1/LON2/DLON/H
  158  148  135  123  116  117  122  127  127  122  113  103   93   84   76   69
   64   62   61   63   66   70   74   78   80   80   78   76   73   73   72   71
   73   74   74   74   73   72   70   69   68   68   69   70   72   73   74   73
   72   73   78   87   98  110  120  128  133  138  143  149  155  160  163  165
  164  161  157  153  153  156  160  161  158
    35.0-180.0 180.0   5.0 450.0                            LAT/LON1/LON2/DLON/H
  160  150  135  121  113  114  119  125  129  126  121  112  103   95   86   79
   74   71   72   74   77   80   83   86   87   87   85   81   78   76   75   74
   72   72   72   71   70   69   67   65   66   66   67   68   69   71   73   72
   73   75   81   89  101  114  123  129  134  139  145  152  160  167  171  173
  172  169  165  161  161  162  165  166  160
    32.5-180.0 180.0   5.0 450.0                            LAT/LON1/LON2/DLON/H
  170  157  142  126  116  113  116  122  127  128  125  119  112  104   95   87
   82   80   82   85   87   89   91   93   94   93   89   84   80   78   75   73
   70   69   68   68   67   66   64   64   65   65   64   65   66   69   71   72
   73   75   82   91  104  117  126  132  136  141  148  156  165  174  179  182
  182  179  176  173  174  174  176  176  170
    30.0-180.0 180.0   5.0 450.0                            LAT/LON1/LON2/DLON/H
  188  176  160  141  126  118  117  119  124  127  127  124  117  111  101   92
   88   87   90   93   94   96   96   97   97   94   90   85   81   79   76   72
   69   67   66   66   66   64   64   65   65   65   64   63   64   66   69   71
   72   75   83   94  107  119  128  134  139  145  152  160  170  180  187  192
  193  193  192  192  194  194  195  195  188
    27.5-180.0 180.0   5.0 450.0                            LAT/LON1/LON2/DLON/H
  217  206  192  169  147  132  122  120  121  125  128  125  120  112  103   93
   90   91   95   98   98   98   97   97   95   93   90   85   81   78   76   73
   70   68   66   67   67   65   65   66   67   67   65   63   63   65   68   70
   71   74   83   95  109  121  130  137  143  150  157  165  176  187  196  203
  207  210  212  216  220  222  224  223  217
    25.0-180.0 180.0   5.0 450.0                            LAT/LON1/LON2/DLON/H
  256  251  239  213  181  155  135  125  122  125  127  124  118  110  100   91
   88   90   96   98   98   97   96   93   91   89   87   83   80   78   76   74
   72   70   70   70   69   67   67   68   69   68   66   63   62   64   66   66
   68   72   83   96  110  122  132  140  148  155  163  171  182  194  206  216
  222  227  234  242  251  255  257  258  256
    22.5-180.0 180.0   5.0 450.0                            LAT/LON1/LON2/DLON/H
  298  299  296  269  230  189  158  138  130  130  129  124  115  105   95   86
   85   88   93   96   96   95   93   91   89   88   86   82   79   77   76   75
   75   74   74   74   72   70   69   70   70   69   65   62   60   61   62   62
   63   69   81   96  112  124  134  144  152  160  169  178  189  202  216  228
  238  245  255  268  279  285  288  292  298
    20.0-180.0 180.0   5.0 450.0                            LAT/LON1/LON2/DLON/H
  335  349  350  327  283  231  192  163  147  143  137  127  115  102   91   84
   83   87   90   92   93   93   92   91   89   89   86   81   79   77   76   76
   77   77   79   77   74   70   69   69   70   68   63   59   57   57   56   57
   59   67   80   98  114  127  138  149  156  166  176  186  196  210  226  240
  253  263  277  287  300  308  314  323  335
    17.5-180.0 180.0   5.0 450.0                            LAT/LON1/LON2/DLON/H
  360  382  395  379  336  279  229  194  176  163  151  138  122  105   94   87
   86   88   90   90   91   92   92   91   90   92   88   84   82   79   77   77
   79   81   82   79   73   69   67   66   66   64   59   56   54   53   53   53
   56   65   81  100  118  132  143  155  162  172  183  193  204  219  237  254
  267  277  289  300  311  320  329  341  360
    15.0-180.0 180.0   5.0 450.0                            LAT/LON1/LON2/DLON/H
  368  397  418  410  371  318  268  235  211  193  175  157  136  119  105   99
   96   94   93   92   93   95   95   93   94   96   95   91   88   83   81   80
   82   83   83   79   72   66   63   61   61   59   55   52   51   51   51   51
   55   65   83  104  121  135  147  157  167  179  191  201  213  228  246  265
  277  286  295  304  313  321  330  346  368
    12.5-180.0 180.0   5.0 450.0                            LAT/LON1/LON2/DLON/H
  362  393  417  417  390  345  301  270  247  225  204  182  160  141  126  119
  112  107  102  100  101  103  102  101  102  103  102  101   96   90   86   85
   85   85   82   76   69   62   58   56   55   54   52   51   51   51   51   51
   55   68   87  106  124  137  149  160  172  185  197  207  219  235  253  271
  283  289  296  303  309  315  323  337  362
    10.0-180.0 180.0   5.0 450.0                            LAT/LON1/LON2/DLON/H
  345  375  398  405  391  358  322  297  276  256  234  213  191  174  158  149
  138  128  119  115  115  116  115  113  113  114  115  113  109  101   96   93
   90   87   81   73   64   58   54   52   53   53   52   52   52   53   53   53
   58   71   90  110  127  141  153  165  176  188  200  210  223  238  256  273
  285  289  293  297  303  306  311  324  345
     7.5-180.0 180.0   5.0 450.0                            LAT/LON1/LON2/DLON/H
  326  350  372  383  377  356  333  315  299  281  263  243  224  212  198  186
  171  156  143  137  135  135  134  130  128  128  130  130  125  116  109  101
   95   87   79   70   61   55   53   53   54   54   55   54   55   56   56   57
   62   74   94  114  131  145  157  169  179  190  201  212  224  239  256  272
  283  287  290  292  296  298  301  309  326
     5.0-180.0 180.0   5.0 450.0                            LAT/LON1/LON2/DLON/H
  312  330  347  358  358  349  336  323  312  298  283  269  259  248  240  225
  206  187  171  164  161  161  159  152  145  144  148  149  144  131  121  109
   97   88   79   69   61   56   55   56   57   59   60   58   58   60   61   62
   68   81  100  120  136  149  160  172  181  190  201  211  224  238  255  269
  280  286  289  291  293  294  296  300  312
     2.5-180.0 180.0   5.0 450.0                            LAT/LON1/LON2/DLON/H
  309  321  333  340  344  341  336  327  319  308  296  291  287  283  277  261
  239  217  201  194  189  188  184  173  162  161  165  166  161  149  137  114
  100   89   80   71   64   60   60   61   63   64   64   62   62   65   67   68
   75   88  107  125  140  150  161  173  181  188  199  211  223  237  253  266
  276  285  291  295  298  299  299  301  309
