IONEX/igrg3650.15i
     1.0            IONOSPHERE MAPS     MIX                 IONEX VERSION / TYPE
tecrms2ionex_2.awk  GRL/UWM            01/01/16 2301UT      PGM / RUN BY / DATE
Global ionosphere maps for day 365, 2015 (31-12-2015)       DESCRIPTION
IONEX file containing the COMBINED IGS Ionosphere maps      DESCRIPTION
from the combination of the following IAACs:                DESCRIPTION
esrg                                                        DESCRIPTION
jprg                                                        DESCRIPTION
Contact address: Andrzej Krankowski                         DESCRIPTION
                 Geodynamics Research Laboratory            DESCRIPTION
                 University of Warmia and Mazury (GRL/UWM)  DESCRIPTION
                 Oczapowski St. 1                           DESCRIPTION
                 10-957-Olsztyn, POLAND                     DESCRIPTION
                 e-mail:  kand@uwm.edu.pl                   DESCRIPTION
                                                            DESCRIPTION
  2015    12    31     0     0     0                        EPOCH OF FIRST MAP
  2016     1     1     0     0     0                        EPOCH OF LAST MAP
  7200                                                      INTERVAL
    13                                                      # OF MAPS IN FILE
  COSZ                                                      MAPPING FUNCTION
     0.0                                                    ELEVATION CUTOFF
Combined TEC calculated as weighted mean of input TEC valuesOBSERVABLES USED
   262                                                      # OF STATIONS
    31                                                      # OF SATELLITES
  6371.0                                                    BASE RADIUS
     2                                                      MAP DIMENSION
   450.0 450.0   0.0                                        HGT1 / HGT2 / DHGT
    87.5 -87.5  -2.5                                        LAT1 / LAT2 / DLAT
  -180.0 180.0   5.0                                        LON1 / LON2 / DLON
    -1                                                      EXPONENT
TEC values in  0.1 TECUs; 9999 if no value available        COMMENT
DCB values in nanoseconds, reference is Sum_of_SatDCBs = 0  COMMENT
                                                            END OF HEADER
[from data line 3003]
     8                                                      START OF TEC MAP
  2015    12    31    14     0     0                        EPOCH OF CURRENT MAP
    87.5-180.0 180.0   5.0 450.0                            LAT/LON1/LON2/DLON/H
   90   90   90   90   91   91   91   92   92   92   93   93   94   95   95   96
   96   97   98   99   99  100  101  101  102  103  103  103  104  104  104  104
  105  105  104  104  104  103  103  103  102  102  101  100  100   99   98   98
   97   96   96   95   95   94   93   93   92   92   92   91   91   91   90   90
   90   90   90   90   90   90   90   90   90
    85.0-180.0 180.0   5.0 450.0                            LAT/LON1/LON2/DLON/H
   83   83   83   83   82   83   83   83   83   84   85   85   86   87   88   90
   91   92   94   96   98   99  100  102  104  105  106  107  108  108  109  109
  109  109  108  108  107  107  106  105  104  102  102  100   99   98   96   95
   94   93   91   90   89   88   87   86   86   85   85   84   84   84   83   83
   83   83   83   83   83   83   83   83   83
    82.5-180.0 180.0   5.0 450.0                            LAT/LON1/LON2/DLON/H
   77   77   76   75   74   74   73   73   73   73   73   73   74   75   77   79
   81   84   86   89   92   95   98  100  103  105  107  109  110  111  111  111
  111  110  110  109  108  107  106  104  103  101  100   98   96   94   93   91
   89   88   87   85   84   83   82   81   80   80   79   79   79   79   79   79
   79   79   78   78   78   78   78   78   77
    80.0-180.0 180.0   5.0 450.0                            LAT/LON1/LON2/DLON/H
   73   72   71   69   68   67   66   64   63   62   61   61   61   61   63   65
   67   70   74   79   83   88   93   97  101  104  107  109  110  111  111  111
  110  109  108  106  105  104  102  101   99   97   95   93   92   90   88   86
   85   83   82   81   80   79   78   78   77   77   78   77   77   77   78   78
   78   78   77   77   76   76   75   74   73
    77.5-180.0 180.0   5.0 450.0                            LAT/LON1/LON2/DLON/H
   71   70   68   66   65   63   61   60   57   55   53   51   50   49   49   51
   53   57   62   68   75   82   88   94  100  104  108  110  111  111  110  109
  107  105  103  101  100   98   97   95   93   92   90   88   86   84   83   81
   80   80   80   79   79   79   79   79   79   79   80   80   81   81   81   81
   81   80   80   78   77   75   74   73   71
    75.0-180.0 180.0   5.0 450.0                            LAT/LON1/LON2/DLON/H
   71   69   68   67   65   64   62   60   57   53   50   46   43   40   39   39
   41   45   51   58   67   76   85   93  101  107  112  115  115  115  112  109
  105  101   97   94   91   90   89   87   86   85   83   81   79   78   77   76
   76   76   78   79   80   81   82   83   83   84   85   85   86   87   87   87
   86   85   84   82   79   77   75   73   71
    72.5-180.0 180.0   5.0 450.0                            LAT/LON1/LON2/DLON/H
   71   70   69   69   69   68   67   65   61   57   52   47   41   36   32   31
   32   36   43   51   60   71   83   94  104  113  120  124  124  123  118  112
  105   98   92   88   84   82   81   80   79   77   76   74   73   71   70   71
   72   74   76   79   81   83   85   87   88   89   90   91   92   93   93   93
   92   90   88   84   81   78   75   73   71
    70.0-180.0 180.0   5.0 450.0                            LAT/LON1/LON2/DLON/H
   71   71   71   72   73   74   73   72   69   65   59   52   45   38   33   30
   30   33   39   47   57   70   84   97  111  123  132  138  139  137  131  122
  112  101   92   85   80   77   76   75   73   72   69   67   65   63   63   65
   66   69   73   77   80   83   86   88   90   91   92   94   95   96   96   96
   95   93   90   86   82   79   75   73   71
    67.5-180.0 180.0   5.0 450.0                            LAT/LON1/LON2/DLON/H
   71   70   71   73   75   77   78   79   77   74   68   61   53   46   39   36
   34   36   40   47   58   71   86  103  119  135  148  156  159  156  149  137
  124  110   97   88   81   78   76   75   72   69   66   62   58   55   56   56
   59   62   67   71   75   79   82   84   86   88   90   91   93   95   96   96
   95   93   90   86   82   77   74   72   71
    65.0-180.0 180.0   5.0 450.0                            LAT/LON1/LON2/DLON/H
   69   69   70   72   75   78   80   82   82   79   75   69   62   55   49   45
   43   43   45   51   60   73   90  109  129  149  166  177  182  179  171  158
  141  124  108   96   89   86   84   81   77   72   65   59   53   49   48   48
   50   54   58   63   67   70   73   76   78   80   82   84   86   88   89   90
   90   89   86   83   79   75   71   69   69
    62.5-180.0 180.0   5.0 450.0                            LAT/LON1/LON2/DLON/H
   66   66   68   70   72   75   77   80   81   81   78   74   69   64   59   55
   52   51   52   56   64   77   94  115  138  161  182  197  204  203  195  180
  161  141  123  111  103   99   97   93   87   79   70   61   53   47   42   40
   41   44   49   53   56   59   61   63   66   68   70   73   76   78   79   81
   82   82   80   77   74   71   68   66   66
    60.0-180.0 180.0   5.0 450.0                            LAT/LON1/LON2/DLON/H
   63   64   64   66   67   69   71   73   75   76   76   74   71   68   65   62
   60   58   58   61   68   80   98  119  144  170  194  212  222  223  216  202
  183  161  142  128  119  116  113  109  101   91   81   69   58   48   41   36
   36   37   41   44   47   49   51   53   55   58   60   63   66   67   69   71
   73   73   72   71   68   66   65   64   63
    57.5-180.0 180.0   5.0 450.0                            LAT/LON1/LON2/DLON/H
   61   62   62   62   63   63   64   66   67   68   69   68   68   67   65   64
   63   62   62   65   71   83  100  122  149  176  202  222  234  237  233  221
  202  180  160  145  137  132  130  125  117  107   96   83   70   57   45   38
   35   35   37   39   41   43   44   45   48   51   54   57   59   60   61   63
   64   65   65   65   63   62   61   61   61
    55.0-180.0 180.0   5.0 450.0                            LAT/LON1/LON2/DLON/H
   61   61   61   61   60   60   59   58   58   59   60   60   61   61   61   61
   61   61   63   67   73   85  102  124  150  179  204  225  238  244  243  234
  217  197  176  161  152  147  144  140  132  123  113  101   86   70   55   45
   39   38   38   40   42   43   44   45   49   51   54   57   58   58   58   59
   59   60   60   60   60   60   60   60   61
    52.5-180.0 180.0   5.0 450.0                            LAT/LON1/LON2/DLON/H
   61   62   62   62   61   58   56   55   53   52   51   52   52   54   54   55
   56   59   63   67   75   87  104  126  152  179  204  223  236  244  244  239
  226  208  190  174  165  159  156  153  146  139  131  119  105   88   71   57
   49   46   45   46   48   49   51   52   55   58   61   62   63   62   61   59
   59   59   59   58   58   58   59   60   61
    50.0-180.0 180.0   5.0 450.0                            LAT/LON1/LON2/DLON/H
   62   64   65   64   63   61   58   55   52   49   47   46   46   46   47   48
   51   55   62   70   79   91  109  130  155  181  203  220  231  238  239  236
  226  213  197  184  175  170  166  163  158  153  147  138  124  106   88   73
   63   58   56   57   57   59   61   62   65   67   69   71   70   69   67   65
   63   62   61   60   59   59   60   61   62
    47.5-180.0 180.0   5.0 450.0                            LAT/LON1/LON2/DLON/H
   63   65   67   67   67   66   63   60   56   52   48   46   45   43   43   44
   49   56   65   76   87  100  118  139  163  185  205  217  225  228  229  225
  219  211  201  191  184  179  176  173  170  165  160  152  140  123  104   89
   78   71   68   67   68   69   71   72   74   76   78   79   79   77   75   72
   69   67   65   64   62   61   61   61   63
    45.0-180.0 180.0   5.0 450.0                            LAT/LON1/LON2/DLON/H
   63   65   68   71   71   71   69   68   64   59   54   50   48   46   45   46
   52   62   74   87  100  114  131  151  173  194  208  217  220  218  215  210
  206  204  200  196  191  189  187  185  181  176  171  163  151  136  118  103
   91   83   78   75   75   76   77   78   79   81   82   82   83   83   81   79
   76   73   70   68   66   64   63   62   63
    42.5-180.0 180.0   5.0 450.0                            LAT/LON1/LON2/DLON/H
   62   64   67   70   73   74   76   75   73   69   65   60   56   53   52   54
   62   75   90  105  118  133  149  168  187  204  215  219  217  210  202  195
  193  194  198  199  200  201  201  200  195  188  180  171  159  144  128  113
  100   90   84   79   78   78   79   79   79   79   79   81   82   83   84   83
   82   79   76   72   69   66   63   62   62
    40.0-180.0 180.0   5.0 450.0                            LAT/LON1/LON2/DLON/H
   60   61   65   69   72   74   78   80   82   81   77   72   67   64   64   67
   77   92  110  126  141  155  170  186  203  216  224  224  216  205  193  185
  183  188  196  204  210  216  219  218  212  202  190  178  165  149  134  119
  106   95   86   80   78   78   79   78   77   76   75   76   79   81   84   85
   85   83   80   75   72   67   63   61   60
    37.5-180.0 180.0   5.0 450.0                            LAT/LON1/LON2/DLON/H
   57   57   60   63   67   72   77   83   87   89   88   84   80   77   78   83
   96  114  134  151  166  179  191  204  217  227  232  229  219  206  193  184
  182  188  198  211  223  234  240  241  233  218  201  185  170  154  139  124
  112  100   89   83   82   83   83   82   78   75   73   73   75   79   83   86
   87   85   82   77   73   67   63   58   57
    35.0-180.0 180.0   5.0 450.0                            LAT/LON1/LON2/DLON/H
   54   52   54   57   60   66   72   81   90   95   96   95   91   90   93  101
  116  137  159  178  192  202  211  219  227  234  238  234  224  212  201  194
  193  198  207  222  239  255  265  266  257  239  217  196  178  161  146  133
  122  110  100   95   94   97   98   95   90   83   78   75   76   80   84   87
   88   87   83   79   74   69   63   57   54
    32.5-180.0 180.0   5.0 450.0                            LAT/LON1/LON2/DLON/H
   52   49   49   50   53   57   65   75   87   96  100  100   98  100  106  118
  136  159  182  202  216  224  228  231  234  238  240  238  231  223  217  214
  214  216  223  238  259  279  291  294  283  262  238  213  192  174  160  149
  139  129  120  118  122  126  128  124  116  105   95   87   84   85   88   90
   91   90   86   81   76   71   64   58   52
    30.0-180.0 180.0   5.0 450.0                            LAT/LON1/LON2/DLON/H
   54   49   46   44   44   48   55   66   78   90   97  100  101  106  117  132
  154  178  202  224  236  241  240  237  236  238  240  241  240  238  239  241
  242  241  244  259  281  304  318  321  310  289  262  236  213  196  184  175
  167  160  155  156  165  172  173  168  155  140  123  109  101   97   96   97
   97   95   90   85   80   75   68   61   54
    27.5-180.0 180.0   5.0 450.0                            LAT/LON1/LON2/DLON/H
   60   53   46   41   39   40   45   55   67   79   87   93   98  108  123  143
  167  193  219  240  253  255  248  241  235  234  238  243  248  254  263  272
  275  271  271  284  306  330  344  347  337  317  291  265  244  228  218  212
  206  201  199  205  217  226  228  219  202  180  157  137  123  114  109  107
  105  101   97   92   87   82   76   69   60
    25.0-180.0 180.0   5.0 450.0                            LAT/LON1/LON2/DLON/H
   70   60   51   42   36   35   38   44   54   65   73   80   89  104  124  149
  175  202  230  252  265  264  254  242  233  231  235  244  256  271  288  302
  307  303  300  311  332  353  367  369  361  344  322  300  282  270  262  257
  252  247  245  254  268  278  279  267  246  219  190  165  146  132  124  118
  114  110  105   99   95   92   86   79   70
    22.5-180.0 180.0   5.0 450.0                            LAT/LON1/LON2/DLON/H
   82   71   59   47   39   34   34   38   43   50   58   66   77   97  123  150
  178  206  234  258  271  269  257  241  230  228  233  246  264  287  311  331
  338  334  328  337  356  374  385  387  381  369  354  339  325  315  308  303
  296  289  285  294  308  318  317  302  276  246  215  187  165  150  138  128
  123  118  113  108  104  100   96   90   82
    20.0-180.0 180.0   5.0 450.0                            LAT/LON1/LON2/DLON/H
   92   81   68   54   44   38   35   35   36   40   45   53   68   91  120  148
  177  205  233  257  272  271  258  242  230  228  234  250  273  303  333  357
  366  362  355  361  376  389  397  398  397  392  384  375  366  358  351  343
  333  320  311  316  329  336  333  316  287  255  224  198  177  161  147  136
  128  123  119  114  110  106  103   98   92
    17.5-180.0 180.0   5.0 450.0                            LAT/LON1/LON2/DLON/H
   97   88   75   61   50   44   40   37   35   35   38   46   62   87  117  146
  175  202  230  255  270  270  258  244  234  233  241  257  284  319  353  379
  390  385  378  380  390  399  402  404  407  409  408  405  399  392  384  373
  356  334  319  317  325  332  327  308  279  247  219  198  181  166  153  139
  130  125  122  117  112  107  105  101   97
    15.0-180.0 180.0   5.0 450.0                            LAT/LON1/LON2/DLON/H
   95   89   77   64   55   50   46   42   38   37   39   46   62   88  118  146
  174  201  228  252  268  270  260  249  243  245  253  269  298  335  372  398
  409  404  396  395  400  404  405  407  413  420  425  426  422  413  402  386
  363  335  310  302  305  308  302  284  256  226  203  187  175  165  152  138
  128  124  121  117  110  104   99   97   95
    12.5-180.0 180.0   5.0 450.0                            LAT/LON1/LON2/DLON/H
   86   83   74   64   57   54   52   48   44   43   45   51   68   92  122  150
  177  204  230  253  268  271  266  259  258  263  272  288  316  353  388  413
  423  418  409  405  407  406  405  408  416  427  434  435  430  421  407  388
  361  325  295  279  276  275  268  251  225  199  181  171  165  158  148  134
  123  120  119  114  105   95   89   87   86
    10.0-180.0 180.0   5.0 450.0                            LAT/LON1/LON2/DLON/H
   74   72   66   58   54   54   54   52   49   49   52   60   76  100  129  158
  187  214  239  260  274  278  276  275  280  289  299  313  337  369  402  424
  433  428  419  414  412  409  407  411  420  430  436  436  430  420  405  384
  353  314  278  255  246  241  232  217  195  173  160  156  154  150  141  128
  118  115  114  109   99   87   77   74   74
     7.5-180.0 180.0   5.0 450.0                            LAT/LON1/LON2/DLON/H
   63   62   57   50   48   50   52   52   52   53   58   68   84  109  139  169
  200  228  253  273  285  291  292  296  306  319  330  341  359  387  414  434
  440  436  427  421  418  414  412  417  426  433  436  432  425  414  400  378
  348  308  269  241  224  214  205  192  174  158  149  147  147  146  138  125
  115  112  112  107   95   80   68   63   63
     5.0-180.0 180.0   5.0 450.0                            LAT/LON1/LON2/DLON/H
   57   55   50   44   41   44   47   49   50   54   61   73   91  116  148  181
  214  244  270  289  301  306  311  319  334  349  359  367  380  401  423  439
  444  440  434  429  425  423  423  428  435  439  437  430  421  411  397  377
  348  310  272  241  218  203  192  182  170  160  153  151  151  150  142  129
  118  115  114  108   95   80   66   58   57
     2.5-180.0 180.0   5.0 450.0                            LAT/LON1/LON2/DLON/H
   60   56   49   41   38   39   43   45   47   51   60   75   94  122  155  192
  228  261  287  307  318  324  330  342  359  375  384  388  397  412  429  441
  445  443  441  439  437  435  437  444  448  447  441  431  422  412  400  382
  355  322  287  255  228  210  201  195  189  182  176  172  170  168  159  144
  131  125  122  115  103   87   72   63   60
