IONEX/igrg3540.16i
     1.0            IONOSPHERE MAPS     MIX                 IONEX VERSION / TYPE
tecrms2ionex_2.awk  GRL/UWM            12/20/16 2012UT      PGM / RUN BY / DATE
Global ionosphere maps for day 354, 2016 (19-12-2016)       DESCRIPTION
IONEX file containing the COMBINED IGS Ionosphere maps      DESCRIPTION
from the combination of the following IAACs:                DESCRIPTION
esrg                                                        DESCRIPTION
jprg                                                        DESCRIPTION
Contact address: Andrzej Krankowski                         DESCRIPTION
                 Geodynamics Research Laboratory            DESCRIPTION
                 University of Warmia and Mazury (GRL/UWM)  DESCRIPTION
                 Oczapowski St. 1                           DESCRIPTION
                 10-957-Olsztyn, POLAND                     DESCRIPTION
                 e-mail:  kand@uwm.edu.pl                   DESCRIPTION
                                                            DESCRIPTION
  2016    12    19     0     0     0                        EPOCH OF FIRST MAP
  2016    12    20     0     0     0                        EPOCH OF LAST MAP
  7200                                                      INTERVAL
    13                                                      # OF MAPS IN FILE
  COSZ                                                      MAPPING FUNCTION
     0.0                                                    ELEVATION CUTOFF
Combined TEC calculated as weighted mean of input TEC valuesOBSERVABLES USED
   285                                                      # OF STATIONS
     0                                                      # OF SATELLITES
  6371.0                                                    BASE RADIUS
     2                                                      MAP DIMENSION
   450.0 450.0   0.0                                        HGT1 / HGT2 / DHGT
    87.5 -87.5  -2.5                                        LAT1 / LAT2 / DLAT
  -180.0 180.0   5.0                                        LON1 / LON2 / DLON
    -1                                                      EXPONENT
TEC values in  0.1 TECUs; 9999 if no value available        COMMENT
DCB values in nanoseconds, reference is Sum_of_SatDCBs = 0  COMMENT
                                                            END OF HEADER
[from data line 2574]
     7                                                      START OF TEC MAP
  2016    12    19    12     0     0                        EPOCH OF CURRENT MAP
    87.5-180.0 180.0   5.0 450.0                            LAT/LON1/LON2/DLON/H
   26   26   26   26   25   25   25   25   24   24   24   24   24   24   24   24
   24   24   23   23   23   23   23   23   23   23   23   24   24   24   24   24
   24   24   23   23   24   24   24   24   24   24   24   24   24   24   24   25
   25   25   25   25   25   26   26   26   26   26   26   26   26   26   26   27
   27   26   26   26   26   26   26   26   26
    85.0-180.0 180.0   5.0 450.0                            LAT/LON1/LON2/DLON/H
   27   27   26   26   26   25   25   24   24   23   23   23   23   23   22   22
   22   22   22   22   22   22   22   22   22   22   22   22   23   23   23   23
   23   23   23   24   24   24   24   23   23   23   23   23   23   23   23   23
   23   24   24   24   25   25   25   26   26   26   27   27   28   28   28   28
   28   28   28   29   28   28   28   28   27
    82.5-180.0 180.0   5.0 450.0                            LAT/LON1/LON2/DLON/H
   29   29   28   28   26   26   25   24   24   23   23   22   22   22   21   21
   21   21   21   20   20   21   21   21   21   21   21   22   22   22   23   23
   23   24   24   24   24   25   24   24   24   24   23   23   22   22   22   22
   22   22   22   23   24   24   25   26   26   27   28   28   29   29   30   30
   30   30   30   30   30   30   30   29   29
    80.0-180.0 180.0   5.0 450.0                            LAT/LON1/LON2/DLON/H
   30   30   29   28   27   27   26   25   25   24   23   23   22   21   21   20
   20   20   20   20   20   20   20   20   21   21   21   21   22   22   23   24
   24   25   26   26   27   27   27   26   26   25   24   23   22   21   20   20
   20   20   20   21   22   22   23   24   26   26   27   28   29   30   30   31
   31   31   32   32   32   32   31   31   30
    77.5-180.0 180.0   5.0 450.0                            LAT/LON1/LON2/DLON/H
   32   31   31   30   29   28   27   26   25   24   24   23   22   22   21   21
   21   21   21   21   21   20   21   20   21   21   21   21   22   22   24   25
   26   27   28   29   30   30   30   30   29   27   26   24   23   22   20   19
   19   18   19   19   20   21   22   23   24   25   27   27   28   29   30   31
   31   31   32   32   33   33   33   33   32
    75.0-180.0 180.0   5.0 450.0                            LAT/LON1/LON2/DLON/H
   33   32   32   32   31   30   29   28   27   26   25   24   24   23   23   23
   23   23   23   22   22   21   21   21   21   22   21   22   23   23   24   26
   28   30   31   33   34   35   35   35   33   32   29   27   25   23   21   19
   18   17   17   18   19   20   21   22   23   24   25   25   26   27   27   28
   29   30   31   31   32   33   33   33   33
    72.5-180.0 180.0   5.0 450.0                            LAT/LON1/LON2/DLON/H
   33   33   33   33   32   31   31   30   29   28   27   26   26   26   26   26
   26   25   25   24   24   24   23   23   23   23   23   23   23   25   26   28
   30   32   35   37   38   40   40   40   38   36   33   31   27   25   22   20
   18   17   17   18   18   19   20   21   22   23   23   24   24   24   25   25
   26   27   28   29   30   31   32   32   33
    70.0-180.0 180.0   5.0 450.0                            LAT/LON1/LON2/DLON/H
   33   33   33   33   33   33   32   31   30   29   29   29   28   29   28   28
   28   28   27   27   26   26   25   25   25   24   24   24   25   27   29   31
   33   36   39   41   43   45   45   45   42   40   38   34   31   28   25   22
   20   19   19   19   20   21   21   22   22   22   22   21   21   21   21   22
   23   24   25   27   28   29   31   32   33
    67.5-180.0 180.0   5.0 450.0                            LAT/LON1/LON2/DLON/H
   32   33   33   33   33   33   32   31   31   30   30   30   30   30   31   30
   30   30   29   28   28   27   27   27   27   26   26   27   28   29   32   34
   37   41   44   47   49   50   50   49   47   44   42   38   35   32   29   27
   25   24   23   23   23   23   23   23   23   22   21   21   20   20   20   20
   21   22   23   25   26   28   30   31   32
    65.0-180.0 180.0   5.0 450.0                            LAT/LON1/LON2/DLON/H
   32   32   33   33   33   32   32   31   30   30   30   31   31   32   32   32
   31   31   30   29   28   27   27   27   27   27   28   29   30   32   35   39
   42   46   49   52   53   54   54   52   51   48   45   43   40   38   35   33
   31   30   28   28   27   27   27   26   25   23   22   21   20   20   20   20
   21   22   22   24   25   27   29   30   32
    62.5-180.0 180.0   5.0 450.0                            LAT/LON1/LON2/DLON/H
   31   32   32   32   32   32   31   30   30   29   29   30   30   31   32   32
   31   31   30   28   27   27   26   27   27   28   30   32   34   37   40   44
   48   51   54   57   58   58   58   56   54   52   50   48   46   45   43   41
   39   37   36   34   33   32   31   29   28   26   25   24   23   23   23   23
   23   23   24   25   26   27   29   30   31
    60.0-180.0 180.0   5.0 450.0                            LAT/LON1/LON2/DLON/H
   32   32   32   32   33   31   30   29   28   27   27   28   28   29   30   31
   31   30   28   27   25   24   24   25   27   29   32   36   39   43   47   51
   55   58   60   62   63   63   62   61   59   57   56   55   54   53   52   50
   48   46   44   42   39   37   36   34   32   30   29   28   27   27   27   27
   27   27   27   28   28   29   30   31   32
    57.5-180.0 180.0   5.0 450.0                            LAT/LON1/LON2/DLON/H
   33   34   34   34   33   32   30   28   26   25   25   26   27   27   28   29
   29   28   27   25   23   22   22   23   26   31   35   41   45   50   55   59
   63   65   67   67   67   67   67   66   65   64   64   63   63   62   61   59
   57   55   52   49   46   43   41   39   37   35   35   34   34   34   33   33
   32   32   31   32   32   32   32   33   33
    55.0-180.0 180.0   5.0 450.0                            LAT/LON1/LON2/DLON/H
   37   37   37   37   36   34   32   29   27   25   24   24   24   25   26   27
   28   27   25   23   22   21   21   23   28   33   40   47   54   60   65   69
   71   73   74   73   72   72   72   73   73   73   74   73   73   73   71   69
   66   63   59   56   52   49   46   44   42   41   41   41   41   41   41   40
   39   38   37   36   36   35   36   36   37
    52.5-180.0 180.0   5.0 450.0                            LAT/LON1/LON2/DLON/H
   40   40   41   41   40   38   35   32   29   26   25   24   24   24   26   26
   26   26   25   23   22   21   23   26   31   39   47   55   63   70   75   79
   81   81   80   79   78   79   80   82   83   84   86   86   86   85   82   79
   75   71   66   62   57   54   52   50   48   47   47   48   49   50   49   48
   47   45   43   41   40   40   40   40   40
    50.0-180.0 180.0   5.0 450.0                            LAT/LON1/LON2/DLON/H
   44   45   45   45   44   42   39   36   34   31   29   27   26   25   26   27
   27   27   26   25   24   25   27   31   37   46   55   64   72   80   85   89
   90   89   87   85   85   87   89   92   95   97   99  100   99   98   94   89
   84   78   72   67   63   59   57   55   54   53   54   55   57   58   58   56
   54   51   49   46   45   44   44   43   44
    47.5-180.0 180.0   5.0 450.0                            LAT/LON1/LON2/DLON/H
   48   49   49   49   49   47   45   42   40   37   34   32   30   29   29   28
   29   30   30   30   30   32   34   39   47   55   65   74   82   89   95   98
   98   95   93   92   93   95   98  102  106  110  113  114  114  111  106   99
   92   85   78   72   68   65   62   61   59   59   60   63   65   66   66   63
   60   57   54   51   49   48   47   48   48
    45.0-180.0 180.0   5.0 450.0                            LAT/LON1/LON2/DLON/H
   51   52   52   52   52   51   50   48   45   43   41   39   37   35   33   33
   33   34   36   37   39   41   45   51   58   66   75   83   90   97  102  105
  104  102  100  100  101  104  109  113  118  122  125  128  127  124  118  109
  100   92   84   78   73   70   68   66   65   64   66   68   71   72   71   69
   66   62   58   55   53   52   51   51   51
    42.5-180.0 180.0   5.0 450.0                            LAT/LON1/LON2/DLON/H
   54   54   54   55   55   54   53   52   51   49   48   46   44   41   40   39
   39   41   42   45   50   54   59   64   70   77   84   91   97  103  108  110
  110  109  107  109  111  115  119  123  128  132  136  139  139  136  129  118
  107   97   89   82   78   74   72   71   70   69   70   73   76   77   76   73
   69   64   61   58   56   55   55   54   54
    40.0-180.0 180.0   5.0 450.0                            LAT/LON1/LON2/DLON/H
   56   56   56   57   56   57   56   55   55   55   55   54   52   49   46   45
   45   47   51   55   60   67   72   78   83   88   93   98  102  107  112  115
  115  115  117  120  124  127  130  132  135  140  144  147  148  144  137  126
  114  103   94   87   82   79   77   75   73   72   73   76   79   80   79   75
   71   65   62   59   58   57   57   56   56
    37.5-180.0 180.0   5.0 450.0                            LAT/LON1/LON2/DLON/H
   57   57   56   57   58   58   58   58   57   59   59   59   58   56   54   51
   51   54   58   64   71   78   84   89   93   97  100  103  106  110  114  118
  120  123  128  134  139  141  141  141  142  145  149  153  153  150  142  131
  119  107   98   91   87   83   81   79   77   76   77   79   81   82   80   76
   71   66   61   59   58   58   58   58   57
    35.0-180.0 180.0   5.0 450.0                            LAT/LON1/LON2/DLON/H
   58   58   58   58   59   60   60   58   59   61   63   64   63   61   59   57
   57   59   63   70   78   86   93   98  101  104  105  107  109  113  117  122
  127  133  142  151  156  157  154  150  148  149  153  155  156  152  146  136
  124  113  104   97   92   88   85   83   80   79   79   82   83   83   81   76
   71   65   61   59   59   59   59   59   58
    32.5-180.0 180.0   5.0 450.0                            LAT/LON1/LON2/DLON/H
   58   58   58   60   61   61   60   60   60   62   65   66   66   65   63   61
   61   62   67   73   82   90   97  102  106  108  109  110  112  115  121  127
  135  146  159  170  176  173  167  160  154  153  156  158  158  156  150  142
  130  120  110  103   98   93   89   86   83   82   83   84   85   84   81   76
   71   65   62   59   59   60   60   59   58
    30.0-180.0 180.0   5.0 450.0                            LAT/LON1/LON2/DLON/H
   59   58   59   61   63   63   61   60   60   62   65   67   67   67   66   64
   63   63   67   73   81   90   97  103  107  110  111  112  114  119  127  136
  147  162  179  191  196  191  182  171  163  161  161  163  162  160  156  149
  140  129  119  111  105   99   94   90   87   86   86   87   87   86   83   78
   72   67   63   62   61   62   62   61   59
    27.5-180.0 180.0   5.0 450.0                            LAT/LON1/LON2/DLON/H
   60   59   60   63   64   63   62   60   60   62   64   65   67   67   66   65
   64   64   67   72   80   88   96  102  107  111  114  115  118  125  135  147
  163  181  200  213  216  209  197  184  174  171  171  172  170  168  166  161
  152  142  131  122  114  107  101   95   91   90   90   91   90   88   85   80
   75   70   67   66   65   65   65   63   60
    25.0-180.0 180.0   5.0 450.0                            LAT/LON1/LON2/DLON/H
   62   60   61   63   65   63   61   60   59   60   62   63   64   66   65   65
   63   64   66   71   78   86   94  101  107  113  116  120  125  134  146  162
  182  204  222  233  234  225  212  199  190  187  187  186  184  182  181  177
  169  158  145  134  125  117  110  103   98   95   94   95   94   92   88   84
   79   75   73   71   70   69   68   65   62
    22.5-180.0 180.0   5.0 450.0                            LAT/LON1/LON2/DLON/H
   64   62   62   64   64   62   60   59   58   58   60   60   61   63   64   63
   63   63   66   72   78   86   94  101  107  114  120  125  133  144  159  179
  202  226  243  250  248  238  226  215  210  208  208  206  203  201  200  197
  188  175  162  149  138  129  121  113  106  102  100   99   97   95   92   87
   84   81   78   76   74   74   72   69   64
    20.0-180.0 180.0   5.0 450.0                            LAT/LON1/LON2/DLON/H
   66   64   63   63   62   60   58   57   56   57   57   57   59   61   61   61
   62   63   67   73   80   87   94  102  109  117  125  132  142  156  174  196
  222  244  258  261  257  248  238  232  231  233  233  230  225  223  222  219
  208  195  179  165  152  142  134  125  116  109  105  102  101   99   96   93
   89   86   83   80   79   77   75   71   66
    17.5-180.0 180.0   5.0 450.0                            LAT/LON1/LON2/DLON/H
   68   64   63   62   60   58   56   55   55   55   55   57   57   58   58   59
   60   63   69   76   84   91   98  104  111  121  130  139  151  167  187  212
  238  258  268  266  260  253  248  249  253  258  259  255  250  246  245  240
  229  214  197  180  168  157  149  138  127  118  111  106  104  103  101   99
   95   91   87   84   81   79   77   73   68
    15.0-180.0 180.0   5.0 450.0                            LAT/LON1/LON2/DLON/H
   68   65   63   61   59   55   54   53   54   55   55   56   56   57   56   57
   58   62   70   79   89   95  101  107  114  124  135  146  160  177  199  224
  248  265  270  265  259  255  257  264  274  282  285  281  274  269  266  260
  248  231  213  196  182  172  163  152  139  126  117  111  109  107  105  103
   99   94   90   86   82   79   76   72   68
    12.5-180.0 180.0   5.0 450.0                            LAT/LON1/LON2/DLON/H
   67   64   62   60   57   54   52   52   52   54   55   56   56   56   55   55
   56   62   71   82   92  100  105  110  117  126  138  151  167  186  208  231
  253  265  266  260  255  255  263  276  291  302  306  303  296  290  285  277
  263  247  227  210  196  186  177  165  151  136  124  117  114  112  110  107
  102   96   91   86   82   78   75   71   67
    10.0-180.0 180.0   5.0 450.0                            LAT/LON1/LON2/DLON/H
   66   63   61   58   56   53   51   51   51   53   54   56   56   55   54   53
   55   61   72   84   94  102  108  112  119  129  141  155  173  193  215  236
  253  262  261  256  254  258  269  285  304  317  323  320  314  307  300  289
  275  257  239  222  208  199  190  178  162  146  133  125  121  118  114  110
  104   98   92   87   82   77   73   68   66
     7.5-180.0 180.0   5.0 450.0                            LAT/LON1/LON2/DLON/H
   63   61   60   57   54   52   51   50   50   51   53   54   55   54   52   50
   52   60   72   85   96  104  110  114  121  131  144  159  178  199  220  239
  253  260  260  256  257  263  275  293  312  326  333  333  327  319  309  297
  282  265  248  232  219  211  202  190  173  157  143  134  129  123  118  111
  106  100   95   90   84   76   72   67   63
     5.0-180.0 180.0   5.0 450.0                            LAT/LON1/LON2/DLON/H
   63   60   58   55   54   52   50   49   48   48   49   51   53   52   49   48
   51   59   71   85   96  106  112  117  123  132  145  162  182  203  225  242
  254  260  263  263  266  272  282  298  316  330  338  338  333  325  313  299
  284  268  253  239  228  221  212  200  184  168  154  145  138  130  121  113
  107  102   99   94   88   79   72   67   63
     2.5-180.0 180.0   5.0 450.0                            LAT/LON1/LON2/DLON/H
   64   61   58   55   53   51   50   48   46   44   44   47   48   48   46   46
   50   59   72   85   97  106  114  120  126  135  148  165  185  208  229  245
  257  265  271  276  279  283  290  302  318  330  337  338  332  324  311  297
  282  269  256  245  237  230  221  209  194  178  164  154  146  137  125  116
  110  107  105  101   94   85   76   69   64
