IONEX/igrg3530.16i
     1.0            IONOSPHERE MAPS     MIX                 IONEX VERSION / TYPE
tecrms2ionex_2.awk  GRL/UWM            12/19/16 2012UT      PGM / RUN BY / DATE
Global ionosphere maps for day 353, 2016 (18-12-2016)       DESCRIPTION
IONEX file containing the COMBINED IGS Ionosphere maps      DESCRIPTION
from the combination of the following IAACs:                DESCRIPTION
esrg                                                        DESCRIPTION
jprg                                                        DESCRIPTION
Contact address: Andrzej Krankowski                         DESCRIPTION
                 Geodynamics Research Laboratory            DESCRIPTION
                 University of Warmia and Mazury (GRL/UWM)  DESCRIPTION
                 Oczapowski St. 1                           DESCRIPTION
                 10-957-Olsztyn, POLAND                     DESCRIPTION
                 e-mail:  kand@uwm.edu.pl                   DESCRIPTION
                                                            DESCRIPTION
  2016    12    18     0     0     0                        EPOCH OF FIRST MAP
  2016    12    19     0     0     0                        EPOCH OF LAST MAP
  7200                                                      INTERVAL
    13                                                      # OF MAPS IN FILE
  COSZ                                                      MAPPING FUNCTION
     0.0                                                    ELEVATION CUTOFF
Combined TEC calculated as weighted mean of input TEC valuesOBSERVABLES USED
   286                                                      # OF STATIONS
     0                                                      # OF SATELLITES
  6371.0                                                    BASE RADIUS
     2                                                      MAP DIMENSION
   450.0 450.0   0.0                                        HGT1 / HGT2 / DHGT
    87.5 -87.5  -2.5                                        LAT1 / LAT2 / DLAT
  -180.0 180.0   5.0                                        LON1 / LON2 / DLON
    -1                                                      EXPONENT
TEC values in  0.1 TECUs; 9999 if no value available        COMMENT
DCB values in nanoseconds, reference is Sum_of_SatDCBs = 0  COMMENT
                                                            END OF HEADER
[from data line 3432]
     9                                                      START OF TEC MAP
  2016    12    18    16     0     0                        EPOCH OF CURRENT MAP
    87.5-180.0 180.0   5.0 450.0                            LAT/LON1/LON2/DLON/H
   27   27   27   27   27   27   27   27   27   26   26   26   26   26   26   26
   26   26   26   26   26   26   26   26   26   26   26   26   25   25   25   25
   26   25   25   25   26   26   26   26   26   26   26   26   27   27   27   27
   28   28   28   28   28   28   28   28   28   28   28   28   28   29   28   28
   28   28   28   28   28   27   27   27   27
    85.0-180.0 180.0   5.0 450.0                            LAT/LON1/LON2/DLON/H
   27   27   27   27   27   26   26   26   26   26   26   26   26   26   26   26
   26   26   26   26   26   26   25   25   25   25   25   25   24   24   24   24
   24   24   24   24   24   24   25   25   25   26   26   27   27   27   27   27
   28   28   28   29   29   29   29   30   29   30   29   29   29   29   29   29
   29   29   28   28   28   28   28   28   27
    82.5-180.0 180.0   5.0 450.0                            LAT/LON1/LON2/DLON/H
   27   27   27   27   26   26   26   26   26   26   26   26   26   26   27   27
   27   27   27   27   27   27   26   26   25   25   25   24   24   23   23   23
   22   22   22   23   23   23   23   24   24   25   25   25   26   26   27   27
   28   28   29   29   29   29   30   30   29   30   30   30   30   30   30   30
   30   29   29   29   29   28   28   28   27
    80.0-180.0 180.0   5.0 450.0                            LAT/LON1/LON2/DLON/H
   27   27   26   26   26   26   26   26   26   27   27   27   28   28   28   29
   29   29   29   29   29   28   28   28   27   26   25   24   23   23   22   21
   21   20   20   21   21   22   22   23   23   23   24   24   24   25   25   26
   26   27   27   27   27   28   28   29   29   29   29   30   30   30   30   30
   30   30   30   29   29   29   28   27   27
    77.5-180.0 180.0   5.0 450.0                            LAT/LON1/LON2/DLON/H
   27   27   26   26   26   26   26   26   27   27   28   28   29   29   30   30
   32   32   32   33   33   32   32   31   30   28   27   25   24   22   21   20
   19   19   18   19   19   19   20   20   21   21   22   22   22   22   23   23
   23   23   24   24   24   25   26   26   27   27   27   28   28   28   29   29
   29   29   29   29   29   28   28   27   27
    75.0-180.0 180.0   5.0 450.0                            LAT/LON1/LON2/DLON/H
   27   26   26   26   26   26   26   27   27   27   28   29   30   30   31   32
   33   35   36   36   37   37   37   36   34   33   30   28   26   24   21   20
   18   17   17   17   17   17   18   18   19   19   19   19   19   19   19   19
   19   19   19   20   21   21   22   22   23   24   24   25   25   26   26   27
   27   28   28   28   28   28   27   27   27
    72.5-180.0 180.0   5.0 450.0                            LAT/LON1/LON2/DLON/H
   26   26   26   26   26   27   27   28   28   28   29   28   29   30   31   33
   35   37   39   41   43   43   43   42   40   38   35   32   30   26   24   21
   19   17   16   16   16   16   16   16   16   16   16   16   15   15   15   15
   14   14   15   16   17   17   18   19   20   21   22   22   23   24   24   25
   25   26   26   26   26   26   26   26   26
    70.0-180.0 180.0   5.0 450.0                            LAT/LON1/LON2/DLON/H
   25   25   25   26   27   27   28   28   28   28   28   27   28   29   31   33
   36   39   43   46   48   50   50   49   47   44   41   37   33   31   27   24
   21   19   17   16   15   15   14   13   13   13   12   12   11   11   11   11
   11   11   11   12   13   15   16   17   18   19   20   20   21   22   23   23
   24   24   25   25   25   25   25   25   25
    67.5-180.0 180.0   5.0 450.0                            LAT/LON1/LON2/DLON/H
   24   25   25   26   27   27   27   28   27   27   26   26   26   28   30   33
   37   42   47   51   54   57   57   56   54   51   46   42   38   34   31   27
   24   21   19   17   16   15   14   13   12   12   11   11   10   10    9    9
    9    9   10   11   13   14   16   17   19   20   20   21   21   22   22   23
   23   23   24   24   24   24   24   24   24
    65.0-180.0 180.0   5.0 450.0                            LAT/LON1/LON2/DLON/H
   25   25   25   27   27   27   28   28   27   26   25   25   25   26   29   34
   38   45   50   56   60   64   64   63   60   56   51   46   42   38   35   32
   28   26   23   21   18   16   14   13   12   12   12   11   10   10   10   10
   10   10   11   13   15   17   19   21   23   23   24   25   25   25   25   24
   24   25   24   24   24   23   24   24   25
    62.5-180.0 180.0   5.0 450.0                            LAT/LON1/LON2/DLON/H
   25   26   26   27   28   28   28   27   26   25   24   24   24   26   30   35
   41   47   55   61   67   69   70   68   65   60   55   49   45   43   40   37
   33   31   28   25   23   21   18   16   15   14   13   13   13   14   15   15
   15   15   17   18   21   23   26   28   30   30   31   30   30   30   29   28
   27   26   26   25   25   24   25   25   25
    60.0-180.0 180.0   5.0 450.0                            LAT/LON1/LON2/DLON/H
   27   28   28   28   28   28   28   27   26   24   23   24   25   28   33   38
   44   52   60   66   72   75   75   73   69   63   58   53   50   48   45   43
   40   37   34   32   30   27   24   22   20   19   19   20   21   22   23   23
   22   23   24   26   29   32   35   37   38   39   39   39   38   37   35   34
   32   30   29   28   27   27   27   27   27
    57.5-180.0 180.0   5.0 450.0                            LAT/LON1/LON2/DLON/H
   30   30   31   31   31   30   29   27   26   24   24   25   27   32   36   42
   49   57   65   72   78   79   79   76   71   66   61   58   56   55   54   51
   48   44   42   39   37   35   32   30   29   29   29   30   31   32   33   33
   33   34   34   36   40   43   46   48   50   50   49   49   47   45   43   41
   38   35   33   32   30   30   30   30   30
    55.0-180.0 180.0   5.0 450.0                            LAT/LON1/LON2/DLON/H
   35   35   35   35   34   32   30   28   27   26   26   28   31   36   42   49
   56   64   72   79   83   84   82   78   73   69   66   65   65   65   64   61
   57   54   50   48   46   44   42   41   40   40   41   42   43   45   45   45
   45   45   46   48   52   55   58   60   61   61   60   59   57   55   52   49
   45   42   39   36   35   34   34   34   35
    52.5-180.0 180.0   5.0 450.0                            LAT/LON1/LON2/DLON/H
   39   39   40   38   37   35   32   30   29   29   30   33   37   42   48   55
   63   70   78   85   89   90   86   81   77   74   74   75   76   78   77   73
   68   63   60   57   55   53   52   52   52   53   54   55   57   58   58   58
   58   57   58   61   65   69   71   72   73   73   71   70   67   65   61   57
   53   49   45   42   40   39   39   38   39
    50.0-180.0 180.0   5.0 450.0                            LAT/LON1/LON2/DLON/H
   43   43   43   42   41   38   35   32   31   32   35   39   43   49   55   61
   69   77   85   92   96   96   92   87   83   82   83   86   89   91   90   86
   80   75   70   67   64   63   62   63   64   66   66   67   68   69   70   70
   70   69   71   74   77   81   83   84   83   83   82   79   77   74   70   65
   60   56   52   49   46   45   44   43   43
    47.5-180.0 180.0   5.0 450.0                            LAT/LON1/LON2/DLON/H
   46   46   46   45   43   40   37   35   35   37   41   46   51   56   62   68
   75   84   91   99  104  104  101   96   92   93   95   99  102  104  102   98
   91   86   81   77   74   72   72   73   75   76   77   78   79   79   80   80
   80   80   82   85   89   92   93   93   92   91   90   87   85   82   77   73
   67   63   58   55   52   50   48   47   46
    45.0-180.0 180.0   5.0 450.0                            LAT/LON1/LON2/DLON/H
   48   48   47   46   44   41   38   36   38   43   49   54   59   63   68   74
   80   88   97  106  112  115  112  109  106  107  109  112  114  115  112  107
  101   96   92   87   84   81   81   82   84   85   85   86   86   87   88   89
   89   89   91   94   98  100  100   99   98   96   95   93   90   87   83   78
   73   68   64   60   57   55   52   50   48
    42.5-180.0 180.0   5.0 450.0                            LAT/LON1/LON2/DLON/H
   50   48   47   46   44   40   37   38   42   49   57   63   67   70   74   78
   84   92  101  111  120  126  127  125  124  123  123  124  124  123  119  115
  110  106  103   99   95   92   91   91   92   92   92   92   93   94   95   95
   95   95   97   99  102  103  103  102  100   99   98   96   93   90   87   82
   77   72   68   64   61   57   54   51   50
    40.0-180.0 180.0   5.0 450.0                            LAT/LON1/LON2/DLON/H
   50   48   47   45   43   40   38   38   45   54   65   72   76   78   80   83
   88   94  104  116  128  138  143  144  142  139  137  134  131  128  124  121
  118  116  114  112  107  103  101  100   99   98   97   97   97   99   99   99
   98   98   99  100  102  103  103  101  100   99   97   95   93   91   87   83
   79   74   69   66   63   60   56   52   50
    37.5-180.0 180.0   5.0 450.0                            LAT/LON1/LON2/DLON/H
   51   49   47   45   42   39   37   39   48   60   73   82   85   87   87   88
   92   97  106  119  134  148  157  159  158  154  148  142  137  132  129  127
  127  128  129  126  121  116  113  110  107  104  102  101  101  102  101  100
   99   98   97   98   99   99   99   97   96   96   95   93   91   89   86   83
   79   74   70   66   63   60   57   53   51
    35.0-180.0 180.0   5.0 450.0                            LAT/LON1/LON2/DLON/H
   51   50   49   46   43   39   37   40   51   65   80   90   95   96   95   94
   96  100  109  122  140  155  167  172  171  164  155  147  140  135  133  135
  138  143  145  143  138  132  126  121  116  111  109  107  106  105  103  101
   98   95   94   94   94   94   94   93   93   93   92   90   88   86   84   81
   77   73   69   66   63   59   57   54   51
    32.5-180.0 180.0   5.0 450.0                            LAT/LON1/LON2/DLON/H
   52   52   51   49   45   40   38   42   53   69   85   97  104  104  102  100
  100  103  112  125  143  161  174  180  177  169  160  150  144  142  142  147
  154  161  164  162  156  148  141  134  127  121  116  113  111  108  105  101
   96   92   89   88   89   89   89   89   89   89   89   87   85   83   81   79
   76   72   68   65   62   60   57   54   52
    30.0-180.0 180.0   5.0 450.0                            LAT/LON1/LON2/DLON/H
   55   54   54   52   48   44   41   46   56   72   89  102  111  112  110  107
  106  108  116  129  146  164  176  182  179  171  161  153  150  151  156  164
  175  184  187  183  175  166  157  147  139  131  125  121  117  113  108  102
   95   89   85   85   86   87   87   87   87   88   88   86   84   82   79   77
   75   72   68   65   62   59   57   55   55
    27.5-180.0 180.0   5.0 450.0                            LAT/LON1/LON2/DLON/H
   56   57   58   57   52   48   46   50   60   76   92  106  115  118  118  115
  114  115  122  134  150  165  177  181  178  171  163  159  159  165  175  188
  202  211  212  205  195  183  172  162  151  142  135  129  124  119  112  103
   95   87   82   82   83   85   86   86   86   87   87   85   83   81   78   76
   74   72   68   66   62   59   58   56   56
    25.0-180.0 180.0   5.0 450.0                            LAT/LON1/LON2/DLON/H
   58   59   61   61   57   53   50   54   64   78   94  108  118  122  123  122
  122  124  130  140  154  168  177  180  178  173  169  169  175  186  201  219
  234  242  239  227  212  199  187  175  163  153  145  138  132  127  119  107
   96   87   82   81   84   85   86   86   86   87   87   86   84   81   78   76
   74   72   69   66   63   61   58   57   58
    22.5-180.0 180.0   5.0 450.0                            LAT/LON1/LON2/DLON/H
   59   61   63   63   60   56   55   59   68   81   95  108  119  125  128  130
  132  135  141  149  159  170  178  181  181  179  179  185  195  213  234  253
  268  272  263  245  227  212  199  186  175  164  154  147  142  135  125  113
  100   90   84   83   85   87   87   87   87   88   88   87   85   82   78   76
   74   72   69   66   64   61   59   58   59
    20.0-180.0 180.0   5.0 450.0                            LAT/LON1/LON2/DLON/H
   59   61   63   63   61   58   58   63   72   84   97  109  120  128  133  137
  142  146  152  159  167  175  181  186  189  191  196  205  220  242  267  287
  300  299  283  259  238  222  209  197  184  174  164  156  150  144  134  120
  106   95   88   87   88   89   88   88   88   89   89   88   86   82   79   76
   73   70   68   66   63   61   59   58   59
    17.5-180.0 180.0   5.0 450.0                            LAT/LON1/LON2/DLON/H
   58   60   62   61   60   58   59   67   77   88   99  111  122  131  139  145
  151  158  164  169  174  180  187  194  201  208  217  228  246  270  296  316
  324  317  295  267  244  228  216  205  194  184  174  166  160  153  142  128
  114  103   96   93   92   90   89   88   89   89   89   88   86   82   79   75
   71   68   66   64   62   60   58   57   58
    15.0-180.0 180.0   5.0 450.0                            LAT/LON1/LON2/DLON/H
   54   56   58   58   56   56   59   68   81   93  104  115  126  137  145  152
  160  167  173  178  182  186  193  204  215  226  237  251  269  292  317  333
  336  324  298  268  246  233  223  214  204  194  185  177  169  162  151  137
  123  112  105  100   97   93   91   89   89   89   89   88   85   82   78   74
   69   66   63   60   59   58   56   54   54
    12.5-180.0 180.0   5.0 450.0                            LAT/LON1/LON2/DLON/H
   49   50   52   52   51   52   58   69   85   99  110  121  133  143  152  159
  166  174  181  186  189  193  202  216  231  244  257  271  287  306  326  336
  334  319  292  265  247  238  231  224  215  206  197  188  179  170  159  145
  133  122  115  109  103   97   93   91   91   89   88   86   83   80   76   72
   68   63   59   58   57   55   53   50   49
    10.0-180.0 180.0   5.0 450.0                            LAT/LON1/LON2/DLON/H
   44   45   45   45   45   48   55   70   89  105  117  128  141  152  160  166
  171  177  184  191  196  202  212  229  247  260  273  284  297  311  323  328
  323  307  284  263  250  245  242  236  228  220  209  198  188  178  166  152
  140  131  124  117  110  103   97   95   93   91   89   86   82   78   75   71
   67   62   58   56   55   54   50   47   44
     7.5-180.0 180.0   5.0 450.0                            LAT/LON1/LON2/DLON/H
   41   40   40   39   39   43   53   71   92  109  123  136  149  161  168  171
  175  178  185  194  202  211  225  243  262  275  284  292  300  309  314  315
  309  296  279  264  258  258  257  252  244  234  222  209  196  184  170  157
  147  138  132  124  117  110  105  101   98   95   91   86   81   77   75   72
   67   63   59   57   55   53   48   44   41
     5.0-180.0 180.0   5.0 450.0                            LAT/LON1/LON2/DLON/H
   40   38   37   35   35   41   53   72   95  114  129  142  157  169  175  176
  177  179  186  198  210  222  239  259  276  287  292  297  301  304  305  303
  298  291  281  273  272  275  274  269  259  247  233  217  202  187  174  161
  151  144  137  132  126  120  114  109  104  100   96   89   83   78   75   74
   71   67   63   60   57   55   50   44   40
     2.5-180.0 180.0   5.0 450.0                            LAT/LON1/LON2/DLON/H
   42   40   37   34   34   40   54   74   98  118  133  148  163  175  180  180
  179  179  188  201  218  234  253  273  289  296  298  299  300  301  300  298
  298  296  292  289  291  295  293  285  272  257  240  223  205  189  175  164
  154  147  142  138  134  130  125  119  113  107  101   93   86   81   78   77
   76   73   69   65   62   59   53   47   42
