IONEX/igrg3550.16i
     1.0            IONOSPHERE MAPS     MIX                 IONEX VERSION / TYPE
tecrms2ionex_2.awk  GRL/UWM            12/21/16 2012UT      PGM / RUN BY / DATE
Global ionosphere maps for day 355, 2016 (20-12-2016)       DESCRIPTION
IONEX file containing the COMBINED IGS Ionosphere maps      DESCRIPTION
from the combination of the following IAACs:                DESCRIPTION
esrg                                                        DESCRIPTION
jprg                                                        DESCRIPTION
Contact address: Andrzej Krankowski                         DESCRIPTION
                 Geodynamics Research Laboratory            DESCRIPTION
                 University of Warmia and Mazury (GRL/UWM)  DESCRIPTION
                 Oczapowski St. 1                           DESCRIPTION
                 10-957-Olsztyn, POLAND                     DESCRIPTION
                 e-mail:  kand@uwm.edu.pl                   DESCRIPTION
                                                            DESCRIPTION
  2016    12    20     0     0     0                        EPOCH OF FIRST MAP
  2016    12    21     0     0     0                        EPOCH OF LAST MAP
  7200                                                      INTERVAL
    13                                                      # OF MAPS IN FILE
  COSZ                                                      MAPPING FUNCTION
     0.0                                                    ELEVATION CUTOFF
Combined TEC calculated as weighted mean of input TEC valuesOBSERVABLES USED
   286                                                      # OF STATIONS
     0                                                      # OF SATELLITES
  6371.0                                                    BASE RADIUS
     2                                                      MAP DIMENSION
   450.0 450.0   0.0                                        HGT1 / HGT2 / DHGT
    87.5 -87.5  -2.5                                        LAT1 / LAT2 / DLAT
  -180.0 180.0   5.0                                        LON1 / LON2 / DLON
    -1                                                      EXPONENT
TEC values in  0.1 TECUs; 9999 if no value available        COMMENT
DCB values in nanoseconds, reference is Sum_of_SatDCBs = 0  COMMENT
                                                            END OF HEADER
[from data line 4290]
    11                                                      START OF TEC MAP
  2016    12    20    20     0     0                        EPOCH OF CURRENT MAP
    87.5-180.0 180.0   5.0 450.0                            LAT/LON1/LON2/DLON/H
   23   23   22   22   22   21   21   20   20   20   20   19   19   19   18   18
   17   17   17   17   16   16   16   16   16   16   16   16   16   16   16   17
   17   17   17   18   18   19   19   20   20   21   21   21   22   22   23   23
   24   24   24   25   25   25   25   25   25   25   25   25   25   25   25   25
   25   24   24   24   24   24   24   23   23
    85.0-180.0 180.0   5.0 450.0                            LAT/LON1/LON2/DLON/H
   27   26   26   25   25   24   24   23   23   22   21   20   20   19   18   17
   17   15   15   14   14   13   13   13   13   12   12   12   13   13   14   14
   15   15   16   17   18   19   20   20   21   23   24   24   25   26   26   27
   28   28   28   29   29   29   30   30   30   30   30   30   30   30   30   30
   29   29   29   28   28   28   27   27   27
    82.5-180.0 180.0   5.0 450.0                            LAT/LON1/LON2/DLON/H
   31   30   30   29   29   28   28   27   26   25   24   23   22   21   20   19
   18   17   16   15   14   13   12   12   12   12   12   12   12   12   13   13
   15   15   17   18   19   21   22   23   24   26   27   28   28   29   30   30
   31   31   31   32   32   33   33   33   33   33   33   32   33   33   33   32
   32   32   32   32   32   32   31   31   31
    80.0-180.0 180.0   5.0 450.0                            LAT/LON1/LON2/DLON/H
   34   34   33   33   32   32   31   30   29   28   27   27   26   25   24   23
   21   20   19   17   16   15   14   14   14   14   14   14   14   15   15   15
   16   18   19   21   22   24   25   26   28   29   30   31   31   32   32   33
   33   33   34   34   34   34   34   34   34   34   34   34   33   33   33   33
   34   34   33   33   33   33   34   34   34
    77.5-180.0 180.0   5.0 450.0                            LAT/LON1/LON2/DLON/H
   34   34   34   35   34   34   34   33   33   32   31   30   30   29   28   27
   26   25   23   22   21   20   18   17   16   16   16   16   16   17   17   17
   19   20   22   24   25   27   28   30   31   31   32   33   33   33   33   34
   33   34   33   33   33   32   32   32   32   32   32   32   32   32   32   32
   32   33   33   33   33   34   34   34   34
    75.0-180.0 180.0   5.0 450.0                            LAT/LON1/LON2/DLON/H
   34   34   35   35   36   35   35   35   35   35   34   34   34   34   34   34
   33   32   31   29   28   27   25   23   22   21   20   20   20   19   20   21
   22   23   24   26   27   29   30   31   32   32   33   33   32   32   32   31
   31   31   30   30   29   29   28   28   27   28   28   28   28   28   28   29
   29   30   30   30   31   32   32   33   34
    72.5-180.0 180.0   5.0 450.0                            LAT/LON1/LON2/DLON/H
   31   33   34   35   36   36   36   37   37   38   38   38   39   39   39   39
   39   38   37   37   35   34   33   31   29   28   27   26   25   24   24   23
   24   24   25   26   27   28   29   30   30   30   30   29   29   28   28   28
   27   27   26   26   25   24   23   23   23   23   23   23   23   24   25   25
   25   26   26   27   27   28   29   30   31
    70.0-180.0 180.0   5.0 450.0                            LAT/LON1/LON2/DLON/H
   28   30   32   35   36   38   39   40   41   41   42   43   44   44   44   44
   45   45   45   45   43   42   41   39   36   35   32   31   29   28   27   26
   25   24   24   24   25   26   26   26   26   26   25   24   23   23   23   23
   23   23   22   22   21   21   20   20   19   19   20   20   20   21   21   22
   22   22   22   23   23   23   25   26   28
    67.5-180.0 180.0   5.0 450.0                            LAT/LON1/LON2/DLON/H
   25   29   32   36   39   41   42   44   45   46   46   48   48   48   49   50
   50   51   51   51   50   50   48   45   42   39   37   35   33   31   28   26
   24   23   22   21   22   22   22   22   21   20   19   18   18   18   18   19
   20   20   21   20   19   19   18   18   18   18   18   18   19   19   20   20
   20   20   20   20   19   20   21   22   25
    65.0-180.0 180.0   5.0 450.0                            LAT/LON1/LON2/DLON/H
   24   28   34   38   42   45   47   49   50   51   51   52   52   53   54   54
   55   56   57   57   57   55   52   49   45   42   39   36   34   31   29   26
   24   21   20   18   18   18   17   17   16   16   15   14   14   15   16   18
   19   20   21   21   21   21   20   20   20   20   20   21   21   21   21   21
   21   21   20   19   19   19   20   22   24
    62.5-180.0 180.0   5.0 450.0                            LAT/LON1/LON2/DLON/H
   26   30   36   42   46   50   52   54   55   56   56   56   57   57   57   58
   59   61   61   61   60   58   55   51   46   42   38   36   33   31   29   26
   23   20   17   16   15   15   14   14   14   14   14   14   15   16   19   21
   23   25   26   26   25   25   25   25   25   25   26   26   26   25   25   25
   25   24   24   22   21   21   20   22   26
    60.0-180.0 180.0   5.0 450.0                            LAT/LON1/LON2/DLON/H
   30   35   41   47   52   56   58   60   61   60   60   60   60   61   62   63
   63   65   66   65   63   60   56   51   45   42   37   35   32   31   28   26
   23   20   17   16   15   14   14   15   16   16   18   19   21   23   26   29
   31   33   33   33   32   32   32   32   32   33   32   32   32   32   31   31
   31   30   29   28   26   25   25   26   30
    57.5-180.0 180.0   5.0 450.0                            LAT/LON1/LON2/DLON/H
   36   41   47   54   59   62   65   66   66   65   65   64   64   65   66   67
   68   68   69   68   66   62   56   51   45   40   37   35   33   31   30   27
   24   22   20   18   18   18   18   20   22   24   27   29   32   35   38   41
   43   43   43   42   41   40   40   40   40   40   40   40   40   39   38   38
   38   37   36   35   33   31   31   32   36
    55.0-180.0 180.0   5.0 450.0                            LAT/LON1/LON2/DLON/H
   42   47   54   60   65   69   72   72   72   71   69   68   69   69   71   71
   72   73   72   71   69   64   57   52   46   42   40   38   37   35   33   31
   29   26   25   24   24   24   26   29   31   35   38   42   45   49   52   54
   55   55   54   52   51   49   49   48   48   48   48   48   46   46   45   45
   44   44   43   42   40   38   37   38   42
    52.5-180.0 180.0   5.0 450.0                            LAT/LON1/LON2/DLON/H
   49   55   61   67   73   77   79   80   79   76   75   73   74   74   76   76
   77   76   76   75   72   67   61   54   50   47   46   45   43   41   38   36
   34   32   31   31   32   33   36   39   43   48   51   55   59   62   66   68
   69   68   66   63   61   58   57   56   55   56   55   54   53   52   50   50
   50   50   49   48   46   44   43   45   49
    50.0-180.0 180.0   5.0 450.0                            LAT/LON1/LON2/DLON/H
   56   61   68   75   81   85   88   89   87   85   82   80   80   81   81   82
   81   81   81   80   77   72   66   61   57   56   55   54   52   48   45   43
   41   40   40   41   42   44   46   50   54   59   63   67   71   74   77   80
   81   80   77   73   70   67   65   64   63   62   61   60   58   57   55   54
   54   54   54   52   50   49   49   51   56
    47.5-180.0 180.0   5.0 450.0                            LAT/LON1/LON2/DLON/H
   62   68   74   81   87   93   96   97   97   94   91   89   88   88   88   88
   88   87   87   86   84   80   75   71   67   66   65   64   61   57   53   50
   48   48   49   50   51   53   56   59   64   68   72   75   79   83   87   89
   91   90   87   83   78   74   72   70   68   67   65   63   62   60   58   57
   56   57   57   55   54   53   54   57   62
    45.0-180.0 180.0   5.0 450.0                            LAT/LON1/LON2/DLON/H
   69   74   80   86   93   99  103  106  106  104  101   98   98   97   97   96
   96   94   93   92   92   90   86   83   80   79   77   74   70   64   60   56
   55   55   57   58   59   61   63   66   70   74   78   81   84   88   92   96
   98   97   94   89   85   81   78   75   73   71   69   67   64   62   60   59
   59   58   58   57   56   56   58   62   69
    42.5-180.0 180.0   5.0 450.0                            LAT/LON1/LON2/DLON/H
   75   80   85   91   97  103  109  112  114  113  111  109  108  107  107  106
  105  102  101  100  101  100   98   96   94   92   88   83   77   71   65   62
   60   61   63   64   66   66   68   70   74   77   80   83   86   90   94   99
  101  100   97   92   88   85   82   79   76   73   71   69   66   64   62   60
   59   59   58   58   58   60   63   68   75
    40.0-180.0 180.0   5.0 450.0                            LAT/LON1/LON2/DLON/H
   82   86   90   94   99  105  111  116  119  120  120  119  119  119  118  117
  115  112  109  109  110  110  110  110  107  103   98   91   83   76   70   67
   66   67   69   70   69   69   70   73   76   79   83   85   87   91   96   99
  102  101   97   92   88   85   83   81   78   75   72   70   67   65   62   61
   59   59   59   60   61   63   68   75   82
    37.5-180.0 180.0   5.0 450.0                            LAT/LON1/LON2/DLON/H
   89   93   95   98  102  106  111  117  121  124  126  127  129  129  129  128
  126  122  118  117  118  120  121  120  118  112  105   96   88   80   74   72
   72   73   74   74   73   72   73   75   78   81   85   87   89   91   95   98
   99   98   94   90   86   84   83   81   78   75   72   69   68   65   62   61
   60   59   60   61   63   68   74   82   89
    35.0-180.0 180.0   5.0 450.0                            LAT/LON1/LON2/DLON/H
   96  100  101  102  104  107  111  115  121  125  129  133  136  139  140  139
  136  131  126  124  125  126  127  127  124  118  109  100   91   84   79   78
   78   80   80   79   78   76   76   78   82   85   88   90   90   91   94   95
   96   94   90   85   82   82   81   80   77   74   71   69   67   66   63   61
   60   60   60   62   66   72   81   90   96
    32.5-180.0 180.0   5.0 450.0                            LAT/LON1/LON2/DLON/H
  104  108  109  109  109  109  111  114  119  124  130  136  142  146  149  148
  146  141  135  131  129  129  129  128  126  120  112  103   95   89   86   85
   87   89   88   87   85   83   83   84   86   89   92   93   93   92   93   94
   92   90   85   80   77   77   78   78   75   72   70   68   67   65   63   62
   60   60   61   64   69   77   87   97  104
    30.0-180.0 180.0   5.0 450.0                            LAT/LON1/LON2/DLON/H
  113  117  119  119  118  116  114  114  117  122  129  137  145  151  155  156
  154  150  143  137  133  129  127  125  123  120  113  106  100   95   93   95
   98  100  100   98   95   93   92   91   91   93   95   96   95   93   92   91
   90   87   82   77   73   73   74   75   73   70   68   67   67   65   64   61
   61   61   62   66   72   81   93  104  113
    27.5-180.0 180.0   5.0 450.0                            LAT/LON1/LON2/DLON/H
  120  127  130  132  130  126  122  119  119  121  127  136  146  155  159  162
  161  157  151  142  135  129  123  120  120  118  116  112  108  104  104  106
  111  113  113  112  109  105  101   97   95   95   97   97   96   94   91   90
   89   86   80   74   69   68   70   70   69   67   66   66   66   65   63   61
   60   61   63   67   74   84   97  111  120
    25.0-180.0 180.0   5.0 450.0                            LAT/LON1/LON2/DLON/H
  128  136  143  147  147  141  135  129  125  124  127  136  147  156  162  166
  166  164  158  148  138  128  120  117  118  120  121  122  120  117  117  120
  125  128  129  128  124  117  110  102   96   94   95   96   95   93   91   89
   88   85   79   72   66   65   66   66   65   63   63   63   64   64   62   60
   59   60   63   67   75   87  102  116  128
    22.5-180.0 180.0   5.0 450.0                            LAT/LON1/LON2/DLON/H
  134  146  157  165  167  163  155  147  140  134  134  139  150  159  165  168
  171  170  164  153  142  129  120  117  120  127  133  136  136  134  133  135
  139  142  143  141  135  127  115  104   95   91   91   93   93   91   89   88
   87   85   79   71   64   61   61   62   60   59   60   61   61   61   59   58
   58   59   63   68   76   89  104  120  134
    20.0-180.0 180.0   5.0 450.0                            LAT/LON1/LON2/DLON/H
  141  156  171  183  189  187  181  171  162  153  148  149  156  164  168  172
  175  175  169  159  147  135  126  124  130  140  149  155  157  154  150  150
  151  153  154  151  143  130  116  101   91   86   86   88   90   90   88   87
   86   84   78   70   63   59   58   57   56   56   57   58   58   57   55   54
   55   57   61   68   78   91  108  124  141
    17.5-180.0 180.0   5.0 450.0                            LAT/LON1/LON2/DLON/H
  147  165  184  201  211  214  210  203  193  182  171  167  170  174  177  180
  182  182  177  167  155  145  137  137  146  158  170  178  180  175  168  163
  161  160  159  154  144  129  113   97   86   80   81   85   88   89   87   85
   84   83   77   69   61   57   56   56   55   54   54   55   55   54   51   50
   51   55   60   69   80   95  111  130  147
    15.0-180.0 180.0   5.0 450.0                            LAT/LON1/LON2/DLON/H
  154  174  195  216  230  238  240  237  230  219  205  195  191  191  191  192
  193  193  187  178  168  159  155  156  166  180  193  200  201  193  182  173
  168  164  159  152  140  124  108   93   82   77   78   84   88   90   87   84
   83   81   76   68   61   56   55   55   55   54   54   54   53   51   48   47
   47   52   60   71   85  100  117  136  154
    12.5-180.0 180.0   5.0 450.0                            LAT/LON1/LON2/DLON/H
  162  182  204  227  245  258  265  268  266  258  245  229  219  215  212  211
  210  208  202  193  185  179  176  179  188  202  214  220  218  207  193  181
  171  164  156  147  134  120  106   92   82   78   80   87   93   93   90   86
   82   79   75   68   61   57   57   56   56   55   55   54   53   50   47   44
   45   50   60   73   90  106  124  142  162
    10.0-180.0 180.0   5.0 450.0                            LAT/LON1/LON2/DLON/H
  169  189  211  234  254  270  283  292  297  293  281  264  249  242  239  236
  233  228  222  214  209  205  203  206  213  223  231  234  229  216  200  185
  174  164  155  144  132  120  109   98   88   85   88   95  100  100   95   89
   83   80   74   68   63   60   59   60   60   59   58   57   54   51   47   44
   44   50   61   77   96  114  132  150  169
     7.5-180.0 180.0   5.0 450.0                            LAT/LON1/LON2/DLON/H
  176  195  216  237  257  275  292  305  315  319  310  293  278  269  266  262
  257  251  245  240  237  234  233  234  236  240  243  243  235  222  205  191
  178  168  158  148  137  129  120  111  101   96  100  107  112  109  102   94
   88   82   76   69   65   63   63   64   65   64   62   60   58   54   50   46
   46   51   63   81  102  121  139  158  176
     5.0-180.0 180.0   5.0 450.0                            LAT/LON1/LON2/DLON/H
  182  200  219  239  258  274  291  308  321  329  326  313  299  293  290  286
  280  274  269  266  265  264  262  260  258  255  253  250  241  228  212  199
  187  178  169  162  154  146  139  129  119  112  115  121  124  121  112  103
   95   87   79   73   68   67   67   69   70   69   67   64   61   58   53   49
   48   54   67   86  108  127  146  164  182
     2.5-180.0 180.0   5.0 450.0                            LAT/LON1/LON2/DLON/H
  186  203  221  239  256  272  287  303  317  327  329  321  311  308  306  303
  297  292  290  289  290  290  288  284  276  269  262  256  248  236  223  211
  202  195  190  183  177  170  162  151  138  130  130  136  137  131  122  113
  104   95   85   77   72   71   71   73   74   74   70   67   65   62   58   53
   52   58   71   91  113  133  151  169  186
