IONEX/igrg3530.16i
     1.0            IONOSPHERE MAPS     MIX                 IONEX VERSION / TYPE
tecrms2ionex_2.awk  GRL/UWM            12/19/16 2012UT      PGM / RUN BY / DATE
Global ionosphere maps for day 353, 2016 (18-12-2016)       DESCRIPTION
IONEX file containing the COMBINED IGS Ionosphere maps      DESCRIPTION
from the combination of the following IAACs:                DESCRIPTION
esrg                                                        DESCRIPTION
jprg                                                        DESCRIPTION
Contact address: Andrzej Krankowski                         DESCRIPTION
                 Geodynamics Research Laboratory            DESCRIPTION
                 University of Warmia and Mazury (GRL/UWM)  DESCRIPTION
                 Oczapowski St. 1                           DESCRIPTION
                 10-957-Olsztyn, POLAND                     DESCRIPTION
                 e-mail:  kand@uwm.edu.pl                   DESCRIPTION
                                                            DESCRIPTION
  2016    12    18     0     0     0                        EPOCH OF FIRST MAP
  2016    12    19     0     0     0                        EPOCH OF LAST MAP
  7200                                                      INTERVAL
    13                                                      # OF MAPS IN FILE
  COSZ                                                      MAPPING FUNCTION
     0.0                                                    ELEVATION CUTOFF
Combined TEC calculated as weighted mean of input TEC valuesOBSERVABLES USED
   286                                                      # OF STATIONS
     0                                                      # OF SATELLITES
  6371.0                                                    BASE RADIUS
     2                                                      MAP DIMENSION
   450.0 450.0   0.0                                        HGT1 / HGT2 / DHGT
    87.5 -87.5  -2.5                                        LAT1 / LAT2 / DLAT
  -180.0 180.0   5.0                                        LON1 / LON2 / DLON
    -1                                                      EXPONENT
TEC values in  0.1 TECUs; 9999 if no value available        COMMENT
DCB values in nanoseconds, reference is Sum_of_SatDCBs = 0  COMMENT
                                                            END OF HEADER
[from data line 4290]
    11                                                      START OF TEC MAP
  2016    12    18    20     0     0                        EPOCH OF CURRENT MAP
    87.5-180.0 180.0   5.0 450.0                            LAT/LON1/LON2/DLON/H
   36   36   35   35   35   35   35   35   34   34   34   34   33   33   32   32
   31   31   31   30   30   29   29   28   28   28   28   27   27   27   27   27
   27   27   27   27   27   27   27   28   28   28   28   28   29   29   29   29
   29   30   30   31   31   31   31   32   32   33   33   33   34   34   34   35
   35   35   35   35   35   35   36   36   36
    85.0-180.0 180.0   5.0 450.0                            LAT/LON1/LON2/DLON/H
   39   39   40   39   39   39   39   39   38   38   37   36   36   35   34   33
   32   31   30   29   28   27   27   26   25   25   24   24   23   23   23   23
   23   24   23   23   24   24   25   25   25   25   26   26   26   27   27   28
   28   28   29   30   30   31   32   32   32   33   33   34   34   35   36   36
   36   37   37   38   38   39   39   39   39
    82.5-180.0 180.0   5.0 450.0                            LAT/LON1/LON2/DLON/H
   41   41   42   42   42   42   42   42   42   42   41   40   39   38   37   36
   34   33   31   29   28   27   25   24   23   22   21   21   21   21   21   21
   21   21   22   23   23   24   24   24   25   25   25   25   25   25   25   26
   26   27   27   28   29   29   30   31   31   32   33   34   34   35   36   36
   37   37   38   39   39   40   40   41   41
    80.0-180.0 180.0   5.0 450.0                            LAT/LON1/LON2/DLON/H
   41   42   42   42   43   43   43   43   43   43   43   42   42   41   40   39
   37   35   33   31   29   26   24   23   21   20   19   19   19   19   20   20
   21   22   23   24   25   25   25   25   25   24   24   24   23   23   23   23
   23   24   25   25   26   27   29   30   30   31   32   33   33   34   34   35
   36   36   37   38   38   39   40   40   41
    77.5-180.0 180.0   5.0 450.0                            LAT/LON1/LON2/DLON/H
   39   39   40   40   40   41   41   41   42   42   43   43   44   43   43   42
   41   39   36   34   31   28   25   23   21   19   18   18   18   18   19   20
   21   23   24   26   27   27   27   27   26   25   24   23   22   21   20   20
   20   21   22   23   24   25   26   28   29   29   30   30   31   31   32   32
   33   33   34   34   35   36   37   38   39
    75.0-180.0 180.0   5.0 450.0                            LAT/LON1/LON2/DLON/H
   35   36   36   37   37   38   38   39   39   40   41   43   45   46   46   46
   45   43   41   38   35   31   28   25   22   20   19   18   18   18   19   20
   21   23   25   27   28   28   28   27   26   24   22   20   19   17   17   17
   17   17   18   20   21   23   24   26   27   27   28   28   28   28   28   29
   29   29   29   30   31   33   33   34   35
    72.5-180.0 180.0   5.0 450.0                            LAT/LON1/LON2/DLON/H
   31   31   33   33   33   34   34   35   36   38   41   44   47   48   49   50
   49   48   45   42   38   35   31   27   24   22   20   19   18   18   18   19
   20   22   24   26   27   28   28   27   25   22   20   17   16   16   15   15
   15   15   16   17   19   21   23   24   25   26   26   26   26   25   25   25
   24   24   25   25   26   27   29   30   31
    70.0-180.0 180.0   5.0 450.0                            LAT/LON1/LON2/DLON/H
   27   28   29   31   31   31   32   33   35   37   41   44   48   51   53   54
   54   53   51   48   44   39   34   31   27   24   21   19   18   17   17   17
   18   19   21   22   24   25   25   24   22   18   16   15   14   12   12   12
   13   14   14   17   19   21   23   24   25   25   25   25   24   23   22   22
   21   21   21   21   22   23   25   26   27
    67.5-180.0 180.0   5.0 450.0                            LAT/LON1/LON2/DLON/H
   25   27   29   30   31   32   32   34   35   38   42   46   50   54   56   58
   59   58   56   54   49   45   39   34   30   26   23   20   18   16   16   15
   15   16   16   18   20   21   20   19   17   15   14   12   10   10   10   10
   11   12   14   17   20   22   24   25   26   26   25   24   23   22   21   20
   19   19   19   19   19   20   21   23   25
    65.0-180.0 180.0   5.0 450.0                            LAT/LON1/LON2/DLON/H
   25   28   30   33   34   36   36   38   39   42   46   50   54   57   60   62
   63   63   62   59   55   49   43   37   32   28   24   21   18   15   14   13
   12   12   12   14   15   16   16   15   14   13   11    9    8    8    8    9
   11   14   17   20   23   25   27   28   28   28   27   26   24   23   22   21
   20   20   19   18   18   19   20   22   25
    62.5-180.0 180.0   5.0 450.0                            LAT/LON1/LON2/DLON/H
   26   30   34   37   40   42   43   45   46   49   52   55   59   62   65   68
   69   69   68   65   60   54   47   41   35   30   26   22   18   15   13   11
   10    9    9   10   12   12   14   14   13   12   10    9    9   10   11   14
   17   20   23   26   28   31   32   33   33   32   31   30   29   27   25   24
   24   23   22   21   20   20   21   23   26
    60.0-180.0 180.0   5.0 450.0                            LAT/LON1/LON2/DLON/H
   29   34   39   44   48   51   52   54   55   57   60   62   65   68   71   73
   74   74   73   70   65   59   51   44   39   34   29   25   21   17   14   12
   11   10   10   11   11   12   14   14   14   14   14   15   16   19   21   24
   27   29   31   33   36   38   39   40   39   38   37   35   34   33   31   30
   29   28   26   24   23   23   24   25   29
    57.5-180.0 180.0   5.0 450.0                            LAT/LON1/LON2/DLON/H
   33   39   45   51   56   60   62   64   65   67   69   71   73   75   77   78
   79   79   78   75   70   63   56   49   43   38   34   30   25   21   17   15
   13   12   13   14   15   16   17   19   20   22   24   26   28   31   34   36
   38   40   42   43   45   46   47   48   47   46   45   43   41   40   38   37
   35   33   32   29   27   26   26   29   33
    55.0-180.0 180.0   5.0 450.0                            LAT/LON1/LON2/DLON/H
   38   44   52   59   65   70   72   74   75   76   77   79   80   82   83   83
   83   83   82   80   74   68   61   54   49   44   41   37   32   27   24   21
   19   19   19   21   22   24   25   27   30   32   36   38   42   45   48   50
   51   53   54   55   56   57   58   58   57   56   53   52   50   48   46   44
   42   40   37   34   32   30   30   32   38
    52.5-180.0 180.0   5.0 450.0                            LAT/LON1/LON2/DLON/H
   43   50   59   67   74   79   82   83   84   85   86   87   88   88   88   88
   87   86   85   83   79   73   67   61   56   53   50   45   40   36   31   29
   28   28   28   30   32   33   35   37   40   44   48   52   55   58   61   63
   65   66   67   68   70   70   69   69   67   65   64   61   58   56   54   51
   48   45   42   39   35   34   34   37   43
    50.0-180.0 180.0   5.0 450.0                            LAT/LON1/LON2/DLON/H
   48   57   65   74   82   88   91   92   93   93   93   94   94   94   94   92
   90   89   88   86   83   80   74   68   65   62   59   55   50   45   40   38
   37   38   39   41   42   43   45   48   51   54   59   63   66   69   72   75
   77   79   81   82   83   83   82   80   78   76   73   70   66   63   60   56
   53   49   46   42   39   38   38   41   48
    47.5-180.0 180.0   5.0 450.0                            LAT/LON1/LON2/DLON/H
   54   62   72   81   89   95   98  100  100  100  100  100  100   99   98   96
   93   91   90   89   88   85   81   77   75   72   69   65   59   53   48   47
   46   47   49   51   51   53   54   57   59   62   66   70   74   77   80   84
   87   91   93   95   96   95   93   90   86   84   80   76   72   68   64   60
   56   52   49   46   43   42   43   47   54
    45.0-180.0 180.0   5.0 450.0                            LAT/LON1/LON2/DLON/H
   61   69   78   87   94  100  104  105  106  105  105  105  105  104  103  100
   97   94   92   92   93   93   90   88   86   82   78   73   66   61   55   54
   54   55   57   58   59   60   61   63   65   68   72   75   79   82   86   91
   96  100  103  105  105  104  101   97   93   89   86   81   77   72   67   62
   58   55   52   49   47   46   48   53   61
    42.5-180.0 180.0   5.0 450.0                            LAT/LON1/LON2/DLON/H
   67   75   82   90   98  103  107  109  110  110  110  109  110  110  108  104
  101   97   95   96   98  100  101  100   97   92   86   79   72   65   61   59
   59   61   62   64   65   65   66   66   69   72   75   78   81   85   90   96
  101  106  109  110  110  108  104  101   96   92   88   83   78   73   67   63
   59   56   54   52   51   51   54   60   67
    40.0-180.0 180.0   5.0 450.0                            LAT/LON1/LON2/DLON/H
   74   81   87   93   99  104  108  111  112  113  113  113  115  115  113  110
  106  101   99   99  104  108  111  110  108  102   93   84   76   69   65   63
   63   65   67   68   69   69   69   70   71   74   77   80   83   87   93   98
  104  107  110  111  110  107  103   99   95   92   88   83   77   71   66   62
   59   57   56   55   55   57   61   67   74
    37.5-180.0 180.0   5.0 450.0                            LAT/LON1/LON2/DLON/H
   81   86   91   95  100  104  107  111  113  114  115  117  120  121  120  116
  112  106  104  104  109  115  119  120  117  110   98   88   78   71   68   67
   68   69   70   71   72   72   72   72   74   77   79   82   84   88   93   99
  103  106  107  107  105  102   99   96   92   88   85   81   75   69   65   61
   59   58   58   59   61   64   69   75   81
    35.0-180.0 180.0   5.0 450.0                            LAT/LON1/LON2/DLON/H
   88   92   95   97  100  102  106  109  112  114  117  120  124  126  126  122
  117  112  109  110  115  121  125  126  123  114  103   91   80   73   70   71
   72   73   74   74   75   75   75   75   76   79   81   84   86   90   94   98
  102  103  102  100   97   95   92   90   86   83   80   77   72   67   64   60
   59   59   59   62   66   71   76   82   88
    32.5-180.0 180.0   5.0 450.0                            LAT/LON1/LON2/DLON/H
   95   98   99  100  101  102  105  107  111  114  117  123  128  131  131  127
  123  119  116  116  121  125  128  128  124  116  105   93   83   76   74   76
   78   79   79   78   79   80   79   78   79   82   84   86   87   89   93   97
   99   99   96   92   89   87   85   83   80   78   76   73   69   66   62   60
   59   59   61   64   70   76   83   90   95
    30.0-180.0 180.0   5.0 450.0                            LAT/LON1/LON2/DLON/H
  101  104  106  105  105  104  105  107  110  113  118  124  130  135  135  132
  129  126  124  124  126  128  127  125  123  116  106   96   87   82   81   84
   87   88   86   85   86   86   84   82   82   84   87   87   88   89   92   95
   96   94   89   85   81   79   78   76   74   73   71   69   66   64   62   60
   59   60   61   66   72   81   89   96  101
    27.5-180.0 180.0   5.0 450.0                            LAT/LON1/LON2/DLON/H
  108  111  112  112  111  109  108  109  111  114  119  125  132  138  138  135
  134  132  132  132  132  129  125  122  119  115  109  101   94   90   90   94
   98   97   95   94   94   93   89   84   82   84   86   87   86   87   91   93
   93   90   84   78   74   72   72   71   69   68   67   66   64   63   62   60
   59   58   61   66   74   83   94  102  108
    25.0-180.0 180.0   5.0 450.0                            LAT/LON1/LON2/DLON/H
  114  119  121  121  119  117  115  114  115  117  121  127  134  139  139  138
  138  138  140  140  137  131  123  119  117  115  111  108  104  102  103  107
  109  108  105  102  101   98   91   84   81   82   84   84   83   84   88   90
   90   86   80   73   69   67   67   66   66   65   64   64   62   62   61   60
   58   57   59   64   74   85   97  107  114
    22.5-180.0 180.0   5.0 450.0                            LAT/LON1/LON2/DLON/H
  121  127  131  133  131  127  124  123  123  125  127  132  137  140  141  140
  141  144  147  147  143  135  125  120  119  119  118  119  119  118  119  122
  122  118  114  109  105   99   91   82   77   78   79   79   79   81   84   87
   87   83   76   69   64   64   64   63   63   62   62   61   60   60   59   57
   55   54   56   62   73   87  101  112  121
    20.0-180.0 180.0   5.0 450.0                            LAT/LON1/LON2/DLON/H
  129  137  143  146  145  141  138  137  137  137  139  142  145  147  145  144
  146  150  154  154  150  141  131  126  126  127  129  133  136  137  137  137
  134  127  119  112  106   98   87   77   72   73   74   74   75   77   81   83
   84   79   73   66   62   61   60   60   60   59   59   59   58   57   56   54
   51   50   52   61   73   89  104  118  129
    17.5-180.0 180.0   5.0 450.0                            LAT/LON1/LON2/DLON/H
  137  147  155  159  160  157  155  156  157  157  157  159  160  158  155  153
  155  158  162  162  159  150  142  139  138  140  143  149  154  157  154  150
  143  132  122  112  103   92   80   71   69   70   72   72   72   74   77   80
   80   76   71   65   60   59   58   58   58   57   57   57   55   54   52   49
   46   46   50   59   74   92  108  124  137
    15.0-180.0 180.0   5.0 450.0                            LAT/LON1/LON2/DLON/H
  145  157  167  173  174  173  173  177  180  181  182  184  184  180  173  169
  169  172  174  174  171  165  159  156  156  155  158  165  172  174  169  161
  149  135  122  110   98   87   76   69   69   72   74   74   73   74   76   77
   77   73   69   63   59   57   57   56   55   55   55   54   52   50   48   45
   42   42   48   60   77   96  114  131  145
    12.5-180.0 180.0   5.0 450.0                            LAT/LON1/LON2/DLON/H
  154  168  178  186  189  189  191  198  204  207  211  216  217  210  200  193
  192  192  192  190  188  185  182  180  177  173  174  181  187  187  180  169
  153  137  122  109   97   86   77   73   75   79   81   80   78   77   76   76
   74   72   68   63   59   57   55   55   54   54   53   52   50   47   44   41
   39   40   48   62   82  102  121  139  154
    10.0-180.0 180.0   5.0 450.0                            LAT/LON1/LON2/DLON/H
  164  177  189  197  201  203  208  216  225  232  240  249  252  246  234  226
  222  220  215  211  211  211  210  207  200  192  190  194  199  197  188  174
  157  140  126  112  101   91   86   86   89   93   94   92   88   83   79   77
   74   71   67   63   59   57   56   55   53   53   53   51   49   46   42   39
   37   40   50   67   88  109  129  147  164
     7.5-180.0 180.0   5.0 450.0                            LAT/LON1/LON2/DLON/H
  173  187  199  208  213  216  222  231  241  251  263  278  287  282  269  261
  257  251  242  237  238  241  241  236  225  211  204  207  210  206  194  179
  162  147  134  123  114  108  105  106  110  111  110  106   99   92   85   80
   77   72   68   64   60   58   57   56   55   54   53   52   50   47   44   40
   39   43   55   74   96  118  137  155  173
     5.0-180.0 180.0   5.0 450.0                            LAT/LON1/LON2/DLON/H
  180  196  207  217  224  229  233  242  252  263  279  300  314  313  301  294
  289  281  269  262  265  270  271  265  248  229  219  220  222  215  202  187
  171  158  148  141  136  133  132  133  133  131  126  120  111  101   93   87
   82   76   71   65   62   61   59   58   57   56   56   55   53   50   47   43
   42   48   60   81  104  125  144  163  180
     2.5-180.0 180.0   5.0 450.0                            LAT/LON1/LON2/DLON/H
  186  203  216  227  235  241  245  250  258  269  288  313  331  332  323  317
  315  306  292  284  288  296  297  289  269  246  235  235  235  228  214  199
  185  174  168  164  162  160  160  158  155  148  141  132  122  111  102   95
   89   82   75   69   65   64   63   62   61   60   58   58   56   55   51   48
   47   54   67   88  111  132  150  168  186
