IONEX/igrg0260.06i
     1.0            IONOSPHERE MAPS     MIX                 IONEX VERSION / TYPE
tecrms2ionex_2.awk  gAGE/UPC            01/27/06 2101UT     PGM / RUN BY / DATE
Global ionosphere maps for day  26, 2006 (26- 1-2006)       DESCRIPTION
IONEX file containing the COMBINED IGS Ionosphere maps      DESCRIPTION
from the combination of the following IAACs:                DESCRIPTION
corg                                                        DESCRIPTION
esrg                                                        DESCRIPTION
jprg                                                        DESCRIPTION
uprg                                                        DESCRIPTION
Contact address: Manuel Hernandez-Pajares                   DESCRIPTION
                 Res. group of Astronomy and Geomatics      DESCRIPTION
                 Technical Univ. of Catalonia (gAGE/UPC)    DESCRIPTION
                 Mod. C3 Campus Nord UPC                    DESCRIPTION
                 E08034-Barcelona, SPAIN                    DESCRIPTION
                 e-mail:  manuel@mat.upc.es                 DESCRIPTION
                                                            DESCRIPTION
  2006     1    26     0     0     0                        EPOCH OF FIRST MAP
  2006     1    27     0     0     0                        EPOCH OF LAST MAP
  7200                                                      INTERVAL
    13                                                      # OF MAPS IN FILE
  COSZ                                                      MAPPING FUNCTION
     0.0                                                    ELEVATION CUTOFF
Combined TEC calculated as weighted mean of input TEC valuesOBSERVABLES USED
   279                                                      # OF STATIONS
    29                                                      # OF SATELLITES
  6371.0                                                    BASE RADIUS
     2                                                      MAP DIMENSION
   450.0 450.0   0.0                                        HGT1 / HGT2 / DHGT
    87.5 -87.5  -2.5                                        LAT1 / LAT2 / DLAT
  -180.0 180.0   5.0                                        LON1 / LON2 / DLON
    -1                                                      EXPONENT
TEC values in  0.1 TECUs; 9999 if no value available        COMMENT
DCB values in nanoseconds, reference is Sum_of_SatDCBs = 0  COMMENT
                                                            END OF HEADER
[from data line 5148]
    13                                                      START OF TEC MAP
  2006     1    27     0     0     0                        EPOCH OF CURRENT MAP
    87.5-180.0 180.0   5.0 450.0                            LAT/LON1/LON2/DLON/H
   38   38   38   38   38   38   38   38   38   38   38   38   38   38   37   37
   37   37   36   37   36   36   36   36   35   35   35   35   35   35   34   34
   33   34   34   33   33   33   33   33   33   32   33   33   33   32   32   33
   32   33   33   33   33   33   34   34   34   35   35   35   36   36   36   36
   36   37   37   37   37   37   38   38   38
    85.0-180.0 180.0   5.0 450.0                            LAT/LON1/LON2/DLON/H
   41   41   41   42   42   42   42   42   42   42   42   41   41   41   41   40
   41   41   41   40   39   39   38   38   37   38   37   36   35   33   32   32
   31   31   30   30   31   31   30   31   31   32   32   33   34   34   34   35
   36   35   36   36   35   36   36   36   37   37   38   38   38   38   38   38
   39   39   40   41   40   41   41   41   41
    82.5-180.0 180.0   5.0 450.0                            LAT/LON1/LON2/DLON/H
   47   48   48   49   48   49   49   49   50   50   51   50   51   50   50   50
   50   48   46   46   44   43   41   41   40   38   36   35   34   33   32   31
   30   29   29   29   30   30   30   31   32   32   33   34   36   37   39   40
   42   42   43   43   43   43   42   41   39   39   39   38   39   39   39   40
   41   42   43   44   44   45   46   46   47
    80.0-180.0 180.0   5.0 450.0                            LAT/LON1/LON2/DLON/H
   55   56   57   57   58   57   57   56   55   54   53   53   54   54   54   53
   53   52   52   51   50   51   47   45   43   43   41   39   36   33   31   28
   27   26   26   26   27   28   29   31   34   36   38   39   39   41   43   46
   48   50   49   48   47   45   44   42   40   39   39   38   38   39   40   41
   43   44   46   47   49   50   51   53   55
    77.5-180.0 180.0   5.0 450.0                            LAT/LON1/LON2/DLON/H
   63   65   67   68   68   69   68   66   68   67   65   64   63   61   58   56
   53   53   54   53   52   52   53   47   46   45   43   39   35   32   30   29
   28   29   30   29   30   31   32   34   36   39   41   43   45   45   47   49
   52   54   54   50   47   45   43   42   40   39   38   38   38   39   40   42
   44   46   48   50   52   55   57   60   63
    75.0-180.0 180.0   5.0 450.0                            LAT/LON1/LON2/DLON/H
   70   73   77   79   81   82   83   83   81   77   74   70   66   62   57   56
   56   54   54   55   57   58   57   53   49   46   43   40   37   34   31   29
   29   29   28   31   33   36   36   38   41   44   46   47   48   51   52   55
   56   57   55   52   47   44   43   41   40   39   38   37   38   38   40   42
   44   47   49   53   56   60   64   67   70
    72.5-180.0 180.0   5.0 450.0                            LAT/LON1/LON2/DLON/H
   78   82   86   90   92   95   97   95   92   88   82   74   67   60   57   55
   54   54   54   56   59   61   60   58   54   51   48   43   39   36   32   30
   30   31   31   31   34   37   40   42   46   49   51   51   51   54   56   58
   57   56   53   50   46   44   42   40   40   39   38   38   38   39   41   43
   46   49   53   57   61   66   70   74   78
    70.0-180.0 180.0   5.0 450.0                            LAT/LON1/LON2/DLON/H
   86   91   94   99  103  106  107  107  103   97   88   78   68   61   57   53
   52   52   52   55   58   62   62   60   57   54   51   48   43   37   35   33
   32   33   34   37   39   40   42   45   47   50   52   51   52   54   56   53
   52   50   48   46   43   41   39   39   38   39   39   39   40   42   44   46
   50   53   57   62   67   72   77   82   86
    67.5-180.0 180.0   5.0 450.0                            LAT/LON1/LON2/DLON/H
   94   99  102  106  111  114  116  116  113  107   98   86   74   64   57   51
   48   48   48   52   56   61   61   59   58   55   52   52   46   41   37   36
   36   36   38   39   41   43   43   44   45   46   48   48   47   51   54   50
   47   46   44   42   40   38   37   37   38   39   41   42   45   46   49   51
   54   58   64   69   76   82   86   91   94
    65.0-180.0 180.0   5.0 450.0                            LAT/LON1/LON2/DLON/H
  102  106  108  111  115  119  122  123  121  117  107   94   80   67   57   49
   45   44   45   47   51   58   58   58   57   55   51   50   47   42   42   38
   39   40   42   42   43   42   41   41   41   43   46   48   46   47   49   47
   45   42   39   37   36   35   35   36   38   39   42   45   49   51   54   57
   61   65   71   78   85   91   95  100  102
    62.5-180.0 180.0   5.0 450.0                            LAT/LON1/LON2/DLON/H
  111  113  114  115  118  121  125  127  127  124  115  103   88   73   59   48
   43   41   41   41   47   53   54   54   53   52   48   46   44   42   44   41
   41   41   42   42   42   40   38   38   38   39   47   47   44   42   42   43
   42   39   35   34   33   33   34   35   37   41   44   48   52   57   61   65
   69   74   81   88   96  102  106  109  111
    60.0-180.0 180.0   5.0 450.0                            LAT/LON1/LON2/DLON/H
  122  121  120  119  120  123  127  131  132  130  123  113   99   81   66   53
   44   40   36   36   42   46   47   47   47   45   43   41   40   40   43   46
   43   40   40   40   39   37   36   35   34   36   39   40   35   34   34   37
   38   38   35   32   31   32   33   35   38   42   48   53   58   63   68   73
   77   83   90   98  106  113  117  120  122
    57.5-180.0 180.0   5.0 450.0                            LAT/LON1/LON2/DLON/H
  134  132  128  126  125  126  129  133  136  135  130  121  109   93   77   61
   49   41   34   33   36   38   40   40   38   37   36   36   36   36   40   45
   42   38   37   37   36   35   34   34   33   33   32   32   31   30   31   33
   37   39   37   33   32   32   34   36   40   45   52   58   64   70   75   81
   86   93  100  107  115  123  129  132  134
    55.0-180.0 180.0   5.0 450.0                            LAT/LON1/LON2/DLON/H
  146  143  139  135  132  131  133  136  138  138  135  128  118  105   89   72
   58   47   38   34   34   33   33   32   30   29   30   31   32   33   35   40
   40   36   33   32   32   33   34   36   36   36   35   34   33   32   34   36
   39   41   39   36   35   36   37   39   43   48   55   62   69   76   82   89
   95  102  110  117  126  135  141  145  146
    52.5-180.0 180.0   5.0 450.0                            LAT/LON1/LON2/DLON/H
  159  157  152  146  142  138  138  140  142  141  139  133  125  113  100   87
   71   59   47   39   35   32   30   27   25   25   27   29   31   33   35   38
   39   34   31   31   31   35   38   42   42   44   44   44   43   44   43   43
   44   45   44   43   42   42   42   44   47   52   59   66   74   82   88   96
  103  110  119  128  137  146  153  158  159
    50.0-180.0 180.0   5.0 450.0                            LAT/LON1/LON2/DLON/H
  172  171  166  160  154  148  145  144  145  144  141  137  130  121  110  100
   87   73   60   48   40   34   31   28   25   25   26   29   33   36   38   39
   38   35   33   33   35   40   45   51   53   57   56   56   56   56   54   53
   53   52   51   51   49   48   48   50   53   57   64   73   80   88   94  102
  110  118  128  137  147  157  165  170  172
    47.5-180.0 180.0   5.0 450.0                            LAT/LON1/LON2/DLON/H
  183  183  179  173  166  159  154  150  149  146  143  139  133  126  118  110
   98   86   72   59   48   40   35   31   28   28   29   32   36   40   42   42
   40   39   38   39   43   48   55   62   67   69   68   67   67   65   64   63
   63   61   59   58   57   55   55   56   60   65   71   79   86   94  101  108
  117  126  135  145  156  165  175  180  183
    45.0-180.0 180.0   5.0 450.0                            LAT/LON1/LON2/DLON/H
  191  192  190  185  179  170  163  157  153  149  144  140  135  130  123  116
  107   96   83   71   58   49   42   39   35   34   35   37   41   44   46   47
   46   44   44   46   50   57   65   72   77   78   77   76   75   73   72   72
   71   69   65   64   63   62   61   61   65   71   79   88   95  102  108  115
  123  132  141  151  163  173  182  188  191
    42.5-180.0 180.0   5.0 450.0                            LAT/LON1/LON2/DLON/H
  197  198  196  192  187  180  172  165  158  153  146  141  137  131  126  120
  113  104   92   81   69   60   53   48   44   42   41   43   45   48   50   51
   51   50   51   54   59   66   74   80   83   84   83   82   81   80   79   78
   76   72   69   68   66   66   65   67   71   78   86   96  104  110  116  123
  129  137  146  157  168  179  188  194  197
    40.0-180.0 180.0   5.0 450.0                            LAT/LON1/LON2/DLON/H
  200  200  198  195  191  187  180  172  164  157  150  144  139  133  128  123
  116  109  100   90   80   71   64   59   53   50   49   50   51   54   55   56
   56   56   58   62   67   73   80   84   87   87   86   86   86   85   84   81
   77   73   70   69   69   68   69   71   75   84   94  105  113  119  125  130
  135  142  151  163  175  185  194  199  200
    37.5-180.0 180.0   5.0 450.0                            LAT/LON1/LON2/DLON/H
  202  199  197  192  191  189  184  177  170  163  155  148  142  137  130  125
  119  113  106   97   89   81   73   67   63   60   59   59   58   59   60   61
   61   62   65   69   74   79   84   86   88   88   88   88   88   87   84   80
   75   70   68   68   69   70   71   74   80   89  101  113  122  129  133  138
  142  148  157  169  182  193  200  202  202
    35.0-180.0 180.0   5.0 450.0                            LAT/LON1/LON2/DLON/H
  204  199  193  189  187  185  183  180  176  169  162  155  148  141  135  128
  122  116  110  104   97   89   82   75   71   69   68   67   66   65   65   65
   66   68   71   76   80   83   86   87   87   87   86   86   86   86   83   78
   72   66   64   65   68   70   72   74   81   93  107  120  130  137  142  146
  150  156  165  179  193  203  209  208  204
    32.5-180.0 180.0   5.0 450.0                            LAT/LON1/LON2/DLON/H
  211  202  191  185  182  180  180  180  179  175  170  162  156  149  143  135
  128  120  115  110  103   95   88   81   78   76   75   74   72   71   70   70
   70   73   76   80   84   87   86   86   86   85   85   85   85   84   80   75
   68   64   62   64   65   67   69   73   82   95  110  126  136  144  150  154
  160  167  179  191  207  217  221  219  211
    30.0-180.0 180.0   5.0 450.0                            LAT/LON1/LON2/DLON/H
  225  210  196  185  179  177  178  178  181  180  176  169  165  159  152  145
  136  127  121  114  106   97   89   83   81   80   81   80   78   76   75   74
   75   77   80   84   88   89   88   85   84   83   83   84   83   81   77   72
   67   62   62   62   63   64   65   71   81   96  113  129  141  149  156  164
  172  182  196  211  227  236  241  236  225
    27.5-180.0 180.0   5.0 450.0                            LAT/LON1/LON2/DLON/H
  247  229  209  194  184  180  181  180  182  183  181  178  175  170  163  157
  147  136  127  118  107   97   88   84   83   84   86   86   83   81   80   78
   79   80   84   87   90   90   88   86   84   83   83   84   82   79   75   71
   66   62   61   61   61   61   63   69   81   98  117  133  146  155  164  174
  185  198  215  234  252  262  267  262  247
    25.0-180.0 180.0   5.0 450.0                            LAT/LON1/LON2/DLON/H
  280  259  236  215  200  191  188  186  186  187  189  189  185  181  174  168
  158  147  133  121  108   96   88   85   87   91   93   93   90   87   85   85
   84   84   87   89   91   91   89   88   86   85   84   84   82   78   75   71
   66   63   62   61   60   59   61   69   83  102  122  140  153  164  174  186
  200  216  235  257  276  290  297  294  280
    22.5-180.0 180.0   5.0 450.0                            LAT/LON1/LON2/DLON/H
  317  300  276  250  228  213  204  200  197  198  204  203  197  191  184  178
  169  159  142  127  111   99   93   93   98  103  104  103   98   96   94   92
   92   90   91   92   93   94   93   93   91   88   85   83   81   77   73   71
   67   64   62   61   59   58   59   69   86  108  130  149  163  176  188  203
  218  235  255  277  298  317  329  329  317
    20.0-180.0 180.0   5.0 450.0                            LAT/LON1/LON2/DLON/H
  354  350  327  296  268  245  231  223  217  217  223  220  212  203  193  187
  179  170  154  136  116  105  104  111  118  122  119  115  109  107  108  103
  102   98   96   96   96   97   98   98   95   91   85   81   79   74   71   69
   67   64   61   59   58   57   59   70   91  114  139  159  176  192  207  224
  239  254  273  296  319  342  355  359  354
    17.5-180.0 180.0   5.0 450.0                            LAT/LON1/LON2/DLON/H
  386  387  370  343  309  283  265  252  244  242  243  236  225  216  205  197
  191  182  166  146  127  117  120  134  145  146  139  130  121  122  125  122
  119  110  104  101  100  101  103  103   99   93   85   80   77   73   70   69
   67   63   59   58   56   56   61   73   95  121  147  171  192  211  229  245
  258  272  289  310  333  356  371  380  386
    15.0-180.0 180.0   5.0 450.0                            LAT/LON1/LON2/DLON/H
  398  409  406  383  348  316  296  283  274  269  264  255  243  230  219  209
  201  191  176  158  142  134  142  159  173  174  161  145  136  140  147  145
  138  127  115  108  105  106  107  106  101   93   85   79   75   71   69   67
   66   61   57   55   55   56   62   77   99  126  155  181  205  227  247  263
  276  286  300  319  340  360  375  386  398
    12.5-180.0 180.0   5.0 450.0                            LAT/LON1/LON2/DLON/H
  391  407  415  402  372  343  323  311  303  294  285  274  261  245  230  219
  209  199  188  176  165  161  168  183  197  199  183  160  151  157  170  170
  159  143  126  115  111  110  111  109  102   94   86   79   74   69   66   64
   63   59   55   54   54   56   63   78  102  130  160  187  213  238  260  276
  288  296  307  323  340  357  369  378  391
    10.0-180.0 180.0   5.0 450.0                            LAT/LON1/LON2/DLON/H
  375  392  403  399  379  356  341  332  325  316  306  294  279  261  241  226
  218  211  205  198  194  193  198  208  218  215  196  172  163  174  189  192
  178  157  136  122  115  113  112  110  103   94   87   80   73   68   63   62
   61   57   54   52   52   55   61   78  102  130  159  187  213  239  262  280
  292  300  310  323  337  349  357  364  375
     7.5-180.0 180.0   5.0 450.0                            LAT/LON1/LON2/DLON/H
  356  371  383  382  370  355  347  343  339  334  324  312  297  280  256  236
  228  223  222  223  225  225  226  230  233  223  202  180  175  188  206  210
  194  168  143  128  119  115  113  108  101   92   86   81   74   67   62   61
   61   59   55   51   50   52   60   77  101  129  157  182  207  233  257  277
  290  299  309  320  331  340  345  347  356
     5.0-180.0 180.0   5.0 450.0                            LAT/LON1/LON2/DLON/H
  342  355  366  364  356  347  345  345  345  344  338  327  314  295  270  249
  237  237  241  246  252  251  247  246  242  227  202  184  185  203  221  224
  207  176  148  131  121  116  111  106   96   88   82   80   75   67   63   63
   63   62   57   52   50   51   60   76   99  127  152  174  196  220  244  266
  283  294  304  314  324  331  334  335  342
     2.5-180.0 180.0   5.0 450.0                            LAT/LON1/LON2/DLON/H
  335  347  354  354  346  341  341  344  345  346  344  337  325  304  282  261
  247  250  260  269  273  269  260  254  246  226  202  188  195  215  232  232
  210  178  151  133  120  113  106  100   90   82   80   79   75   69   66   66
   68   67   62   55   52   53   62   77   98  122  145  164  182  202  226  250
  272  286  297  308  317  325  327  329  335
