IONEX/igrg0260.06i
     1.0            IONOSPHERE MAPS     MIX                 IONEX VERSION / TYPE
tecrms2ionex_2.awk  gAGE/UPC            01/27/06 2101UT     PGM / RUN BY / DATE
Global ionosphere maps for day  26, 2006 (26- 1-2006)       DESCRIPTION
IONEX file containing the COMBINED IGS Ionosphere maps      DESCRIPTION
from the combination of the following IAACs:                DESCRIPTION
corg                                                        DESCRIPTION
esrg                                                        DESCRIPTION
jprg                                                        DESCRIPTION
uprg                                                        DESCRIPTION
Contact address: Manuel Hernandez-Pajares                   DESCRIPTION
                 Res. group of Astronomy and Geomatics      DESCRIPTION
                 Technical Univ. of Catalonia (gAGE/UPC)    DESCRIPTION
                 Mod. C3 Campus Nord UPC                    DESCRIPTION
                 E08034-Barcelona, SPAIN                    DESCRIPTION
                 e-mail:  manuel@mat.upc.es                 DESCRIPTION
                                                            DESCRIPTION
  2006     1    26     0     0     0                        EPOCH OF FIRST MAP
  2006     1    27     0     0     0                        EPOCH OF LAST MAP
  7200                                                      INTERVAL
    13                                                      # OF MAPS IN FILE
  COSZ                                                      MAPPING FUNCTION
     0.0                                                    ELEVATION CUTOFF
Combined TEC calculated as weighted mean of input TEC valuesOBSERVABLES USED
   279                                                      # OF STATIONS
    29                                                      # OF SATELLITES
  6371.0                                                    BASE RADIUS
     2                                                      MAP DIMENSION
   450.0 450.0   0.0                                        HGT1 / HGT2 / DHGT
    87.5 -87.5  -2.5                                        LAT1 / LAT2 / DLAT
  -180.0 180.0   5.0                                        LON1 / LON2 / DLON
    -1                                                      EXPONENT
TEC values in  0.1 TECUs; 9999 if no value available        COMMENT
DCB values in nanoseconds, reference is Sum_of_SatDCBs = 0  COMMENT
                                                            END OF HEADER
[from data line 2574]
     7                                                      START OF TEC MAP
  2006     1    26    12     0     0                        EPOCH OF CURRENT MAP
    87.5-180.0 180.0   5.0 450.0                            LAT/LON1/LON2/DLON/H
   38   38   38   37   37   36   36   36   35   35   34   34   33   33   33   32
   32   32   31   31   31   31   31   31   31   31   31   31   31   32   32   32
   32   33   33   33   33   34   34   34   34   35   35   35   36   36   37   37
   37   37   38   38   38   39   39   40   39   39   40   40   40   40   40   40
   40   40   40   40   40   39   39   39   38
    85.0-180.0 180.0   5.0 450.0                            LAT/LON1/LON2/DLON/H
   42   41   40   39   39   38   37   37   35   35   33   33   32   31   30   30
   29   28   28   27   27   27   27   27   28   28   29   29   30   30   31   32
   32   33   33   34   34   34   35   35   35   35   36   36   36   36   36   37
   38   39   39   40   41   42   43   43   43   44   44   45   45   46   46   45
   45   46   45   45   44   44   43   43   42
    82.5-180.0 180.0   5.0 450.0                            LAT/LON1/LON2/DLON/H
   44   43   42   42   40   40   39   37   36   35   33   32   30   29   28   27
   27   26   26   25   25   24   25   26   26   28   30   31   31   32   33   35
   35   36   36   37   38   38   38   38   38   39   39   39   39   39   39   39
   40   41   41   41   42   43   44   45   46   47   48   48   49   50   50   50
   50   50   49   48   47   46   45   44   44
    80.0-180.0 180.0   5.0 450.0                            LAT/LON1/LON2/DLON/H
   46   45   46   45   44   42   40   38   37   35   33   32   30   29   27   26
   26   25   25   24   24   25   25   28   29   30   31   32   33   34   36   38
   39   41   41   42   43   43   43   43   43   43   42   42   42   41   41   40
   40   40   41   41   41   41   42   44   46   47   48   50   50   51   51   52
   52   51   50   49   48   48   47   46   46
    77.5-180.0 180.0   5.0 450.0                            LAT/LON1/LON2/DLON/H
   47   47   47   45   44   43   41   39   37   36   34   32   31   30   28   28
   27   26   26   26   26   25   25   28   29   31   33   35   37   39   41   43
   45   48   49   49   49   50   50   50   48   47   46   45   44   42   41   40
   39   39   38   39   39   39   39   40   42   44   46   47   48   49   50   50
   49   49   49   49   49   48   48   48   47
    75.0-180.0 180.0   5.0 450.0                            LAT/LON1/LON2/DLON/H
   47   46   46   45   44   43   41   39   38   36   34   33   32   31   30   30
   30   30   30   29   29   29   30   31   33   34   37   39   42   45   47   49
   52   55   57   58   58   57   56   56   54   53   51   49   47   44   42   41
   39   37   36   35   36   35   36   36   38   39   41   43   44   45   46   46
   45   45   46   46   46   47   47   47   47
    72.5-180.0 180.0   5.0 450.0                            LAT/LON1/LON2/DLON/H
   45   44   45   44   44   42   41   40   38   36   35   34   34   33   33   33
   34   35   34   34   34   34   35   36   37   38   41   43   46   48   51   54
   57   59   62   64   64   64   63   62   60   57   56   53   51   48   45   42
   40   37   35   33   32   31   31   32   33   34   36   37   39   41   41   41
   41   41   41   42   43   44   44   44   45
    70.0-180.0 180.0   5.0 450.0                            LAT/LON1/LON2/DLON/H
   42   43   44   44   44   42   42   40   39   37   37   36   36   36   37   38
   39   39   40   39   39   39   39   40   41   42   43   45   48   51   54   58
   61   63   66   68   68   68   68   67   65   63   62   59   56   53   49   46
   42   39   35   33   31   29   28   28   28   29   31   32   34   35   36   37
   37   37   37   38   39   41   41   41   42
    67.5-180.0 180.0   5.0 450.0                            LAT/LON1/LON2/DLON/H
   39   42   43   44   44   43   43   42   40   39   38   37   38   39   40   41
   42   43   44   42   42   41   41   41   42   42   44   46   49   53   56   60
   63   66   69   70   71   72   72   71   70   69   67   65   62   59   55   51
   47   42   38   35   32   29   28   27   26   26   27   29   30   32   33   34
   34   34   34   34   35   38   38   38   39
    65.0-180.0 180.0   5.0 450.0                            LAT/LON1/LON2/DLON/H
   39   40   42   44   44   44   44   43   42   41   39   39   39   40   42   43
   45   45   44   43   42   41   40   41   41   41   43   46   49   52   56   60
   64   68   71   72   74   75   75   75   75   74   74   72   70   67   63   59
   54   49   44   40   36   33   30   28   27   27   27   28   30   31   33   33
   33   32   32   33   35   37   37   37   39
    62.5-180.0 180.0   5.0 450.0                            LAT/LON1/LON2/DLON/H
   39   41   41   43   44   45   45   45   44   42   41   40   41   42   43   44
   45   45   43   41   40   38   38   39   39   40   42   45   48   53   56   61
   66   69   73   76   78   79   80   80   81   81   81   81   79   76   73   68
   63   58   53   50   45   41   37   34   32   31   30   31   33   34   34   35
   35   34   33   34   35   37   37   38   39
    60.0-180.0 180.0   5.0 450.0                            LAT/LON1/LON2/DLON/H
   41   42   43   43   45   47   46   46   44   42   42   41   41   42   44   44
   44   43   40   38   35   35   35   36   38   39   42   45   50   54   59   64
   69   73   78   81   83   84   86   88   89   90   91   91   90   87   83   78
   74   70   66   62   56   51   46   41   39   37   37   37   38   38   39   39
   38   38   37   37   38   39   39   40   41
    57.5-180.0 180.0   5.0 450.0                            LAT/LON1/LON2/DLON/H
   45   45   46   46   47   47   47   45   43   42   41   41   42   42   43   42
   41   39   36   32   31   30   31   34   38   40   43   48   53   58   64   69
   76   81   86   90   92   94   96   99  101  103  104  104  102  100   95   91
   87   83   80   74   68   62   56   51   48   46   45   45   45   45   45   44
   44   43   42   42   42   42   43   44   45
    55.0-180.0 180.0   5.0 450.0                            LAT/LON1/LON2/DLON/H
   50   50   50   49   49   49   47   45   43   42   42   41   41   42   42   40
   39   36   31   28   26   27   30   34   39   44   49   53   59   65   72   79
   86   92   98  101  103  106  109  112  115  118  119  119  116  113  108  104
  100   97   92   86   79   73   67   62   59   56   54   53   53   53   52   51
   50   50   49   48   48   48   49   49   50
    52.5-180.0 180.0   5.0 450.0                            LAT/LON1/LON2/DLON/H
   56   55   54   54   53   51   48   45   44   43   43   42   41   41   41   39
   37   33   28   25   23   25   30   37   44   50   56   62   68   75   82   91
   99  106  112  115  117  120  123  127  130  133  134  134  131  127  123  119
  115  110  104   98   91   85   78   74   70   67   64   63   62   61   60   60
   59   58   57   56   55   54   56   55   56
    50.0-180.0 180.0   5.0 450.0                            LAT/LON1/LON2/DLON/H
   62   61   60   58   56   53   50   47   45   45   46   45   44   43   42   40
   37   32   27   23   23   26   33   42   51   59   66   73   80   87   94  103
  112  120  126  130  131  134  136  140  144  148  149  148  146  141  137  132
  127  123  117  110  103   97   91   86   82   78   76   73   72   71   70   69
   68   66   65   63   62   61   61   62   62
    47.5-180.0 180.0   5.0 450.0                            LAT/LON1/LON2/DLON/H
   67   66   65   63   60   57   53   49   48   49   50   51   50   48   46   43
   40   35   30   27   26   31   39   49   59   68   77   84   92   99  106  115
  125  133  140  143  145  145  148  151  156  159  160  160  159  154  148  143
  138  134  128  121  114  108  102   98   94   89   86   83   82   81   79   78
   77   75   74   71   70   68   67   67   67
    45.0-180.0 180.0   5.0 450.0                            LAT/LON1/LON2/DLON/H
   71   70   69   68   65   61   56   53   52   54   56   57   56   54   52   50
   46   42   37   33   33   38   47   57   68   79   88   96  104  111  119  127
  137  147  153  157  157  157  158  160  164  167  169  169  168  164  159  153
  148  143  136  129  123  117  112  107  103   98   94   91   90   89   88   87
   85   84   83   81   78   75   72   71   71
    42.5-180.0 180.0   5.0 450.0                            LAT/LON1/LON2/DLON/H
   73   73   73   72   69   65   61   58   57   59   62   63   63   61   60   59
   56   52   48   43   43   47   56   67   78   89   98  108  116  123  130  139
  150  161  168  170  170  168  168  168  170  172  174  175  175  172  168  163
  157  151  143  135  129  124  119  115  110  106  101   98   96   95   94   94
   92   91   90   88   85   81   77   74   73
    40.0-180.0 180.0   5.0 450.0                            LAT/LON1/LON2/DLON/H
   75   75   75   75   73   69   65   62   62   65   68   71   70   68   67   66
   65   63   59   55   54   57   66   76   88   99  109  120  128  135  143  153
  165  176  183  186  185  181  177  175  175  176  178  179  179  177  174  171
  164  156  148  140  133  128  124  121  116  112  107  103  101  100  100  100
   98   97   96   94   90   86   80   76   75
    37.5-180.0 180.0   5.0 450.0                            LAT/LON1/LON2/DLON/H
   75   75   76   76   75   72   69   67   67   70   75   77   77   75   74   73
   73   72   70   66   64   67   76   86   97  109  119  131  141  149  159  170
  183  195  203  205  202  195  188  183  182  181  182  182  183  182  180  176
  169  161  152  143  136  132  128  125  121  116  111  107  104  104  104  103
  102  101  101   98   95   89   83   77   75
    35.0-180.0 180.0   5.0 450.0                            LAT/LON1/LON2/DLON/H
   75   74   76   77   76   74   71   69   70   74   79   82   82   80   78   77
   78   79   78   75   74   77   86   97  108  119  131  143  156  165  176  188
  204  218  226  226  220  210  201  194  191  189  187  187  187  186  184  180
  174  165  156  148  142  138  135  131  126  121  115  110  107  106  105  104
  103  102  101  100   97   91   84   78   75
    32.5-180.0 180.0   5.0 450.0                            LAT/LON1/LON2/DLON/H
   74   73   75   76   76   75   73   71   72   76   81   84   84   82   80   80
   80   82   83   82   81   86   95  107  118  130  143  156  169  182  194  209
  227  244  252  251  241  226  215  208  204  200  196  195  193  192  190  185
  179  172  163  157  152  149  146  141  135  128  121  116  111  108  106  104
  101   99   99   99   98   92   85   78   74
    30.0-180.0 180.0   5.0 450.0                            LAT/LON1/LON2/DLON/H
   74   72   73   75   75   74   73   71   72   76   80   83   83   81   79   79
   80   82   83   84   86   93  104  117  129  142  155  169  182  197  211  232
  254  274  282  277  263  242  231  224  219  213  206  203  200  200  199  195
  189  183  176  172  168  165  161  154  147  139  131  125  119  114  110  105
  100   96   96   97   96   92   85   78   74
    27.5-180.0 180.0   5.0 450.0                            LAT/LON1/LON2/DLON/H
   75   73   74   74   74   73   72   71   71   74   77   79   79   77   75   75
   76   78   81   84   89   98  112  126  139  152  165  180  195  210  228  254
  284  309  315  305  283  261  247  239  234  228  218  212  211  211  212  209
  203  199  193  190  188  184  180  172  164  156  148  141  134  126  117  108
  100   94   92   94   94   91   86   79   75
    25.0-180.0 180.0   5.0 450.0                            LAT/LON1/LON2/DLON/H
   77   75   74   74   74   73   73   71   70   71   73   74   73   70   69   68
   71   73   77   82   89  101  118  133  147  159  175  190  206  221  243  275
  316  347  351  333  303  279  259  251  247  240  232  228  226  227  228  226
  221  218  213  212  211  207  203  195  185  178  171  164  153  142  129  116
  104   95   92   92   92   91   87   81   77
    22.5-180.0 180.0   5.0 450.0                            LAT/LON1/LON2/DLON/H
   80   78   77   76   76   76   75   73   71   69   69   69   67   64   62   62
   65   68   73   79   89  106  123  139  153  167  183  200  215  232  258  297
  343  375  382  360  327  290  266  259  257  252  246  243  243  244  245  244
  241  240  239  237  237  233  229  222  213  207  200  191  179  162  145  130
  114  102   96   94   94   93   89   84   80
    20.0-180.0 180.0   5.0 450.0                            LAT/LON1/LON2/DLON/H
   85   81   80   79   79   80   79   77   73   70   67   65   62   59   57   58
   61   65   71   80   92  111  129  145  159  174  190  207  224  242  272  315
  366  395  395  369  331  293  269  265  266  264  260  259  260  262  264  265
  267  266  265  267  264  260  258  251  246  242  232  223  208  189  167  149
  131  115  105  101   99   97   93   89   85
    17.5-180.0 180.0   5.0 450.0                            LAT/LON1/LON2/DLON/H
   89   85   82   81   82   83   83   81   77   72   67   63   59   57   55   57
   60   65   72   83   98  117  136  152  166  181  198  215  231  250  281  327
  374  398  394  363  320  287  268  268  274  275  275  276  279  282  287  290
  295  293  294  292  291  286  284  280  278  274  264  251  231  213  191  171
  151  133  119  112  107  104   99   93   89
    15.0-180.0 180.0   5.0 450.0                            LAT/LON1/LON2/DLON/H
   94   89   85   84   85   87   88   85   81   75   69   64   60   56   55   57
   61   67   76   88  104  124  141  156  171  188  205  222  238  255  286  328
  371  391  383  349  306  279  269  274  284  289  293  297  302  307  313  315
  320  319  314  310  309  308  305  301  299  295  284  268  246  225  206  189
  170  151  135  125  117  111  104   99   94
    12.5-180.0 180.0   5.0 450.0                            LAT/LON1/LON2/DLON/H
   97   92   88   86   87   90   91   90   85   78   72   67   62   58   57   58
   63   70   80   95  112  131  146  160  174  192  211  229  244  262  288  324
  361  378  367  333  296  278  277  286  298  306  314  319  324  329  335  339
  341  336  328  322  319  319  316  311  306  300  289  272  250  230  213  198
  183  165  147  135  125  116  109  102   97
    10.0-180.0 180.0   5.0 450.0                            LAT/LON1/LON2/DLON/H
   97   94   89   86   87   91   93   92   88   82   76   70   66   62   60   60
   65   73   85  101  120  137  149  162  176  195  217  237  253  268  290  320
  351  363  350  321  296  288  294  305  317  327  335  341  345  348  349  353
  353  346  338  329  325  324  319  310  301  292  280  264  245  225  210  197
  186  170  154  141  130  119  109  102   97
     7.5-180.0 180.0   5.0 450.0                            LAT/LON1/LON2/DLON/H
   94   90   87   85   86   89   92   92   89   83   78   73   69   66   64   64
   69   78   91  109  128  143  153  165  180  200  223  245  262  276  294  318
  341  351  340  320  306  308  320  332  342  350  355  356  356  355  354  356
  356  350  342  333  328  324  315  303  290  277  263  248  231  213  199  189
  180  169  154  141  129  118  108  100   94
     5.0-180.0 180.0   5.0 450.0                            LAT/LON1/LON2/DLON/H
   88   85   82   81   83   86   87   87   86   82   78   75   71   69   67   68
   73   82   98  116  135  149  160  170  185  205  229  251  267  279  296  317
  335  343  338  327  325  336  349  360  367  371  369  363  358  354  353  353
  352  348  343  336  331  322  308  292  276  260  245  230  213  197  183  174
  168  161  151  139  126  114  104   94   88
     2.5-180.0 180.0   5.0 450.0                            LAT/LON1/LON2/DLON/H
   84   79   78   78   79   81   81   81   80   78   76   73   72   70   68   70
   75   86  102  122  140  155  165  176  190  210  233  253  269  281  296  315
  331  341  344  342  349  363  376  384  388  384  375  365  354  347  346  345
  346  345  342  338  331  319  301  282  262  244  228  214  199  183  169  159
  155  151  144  135  123  110  100   90   84
