IONEX/igrg3540.16i
     1.0            IONOSPHERE MAPS     MIX                 IONEX VERSION / TYPE
tecrms2ionex_2.awk  GRL/UWM            12/20/16 2012UT      PGM / RUN BY / DATE
Global ionosphere maps for day 354, 2016 (19-12-2016)       DESCRIPTION
IONEX file containing the COMBINED IGS Ionosphere maps      DESCRIPTION
from the combination of the following IAACs:                DESCRIPTION
esrg                                                        DESCRIPTION
jprg                                                        DESCRIPTION
Contact address: Andrzej Krankowski                         DESCRIPTION
                 Geodynamics Research Laboratory            DESCRIPTION
                 University of Warmia and Mazury (GRL/UWM)  DESCRIPTION
                 Oczapowski St. 1                           DESCRIPTION
                 10-957-Olsztyn, POLAND                     DESCRIPTION
                 e-mail:  kand@uwm.edu.pl                   DESCRIPTION
                                                            DESCRIPTION
  2016    12    19     0     0     0                        EPOCH OF FIRST MAP
  2016    12    20     0     0     0                        EPOCH OF LAST MAP
  7200                                                      INTERVAL
    13                                                      # OF MAPS IN FILE
  COSZ                                                      MAPPING FUNCTION
     0.0                                                    ELEVATION CUTOFF
Combined TEC calculated as weighted mean of input TEC valuesOBSERVABLES USED
   285                                                      # OF STATIONS
     0                                                      # OF SATELLITES
  6371.0                                                    BASE RADIUS
     2                                                      MAP DIMENSION
   450.0 450.0   0.0                                        HGT1 / HGT2 / DHGT
    87.5 -87.5  -2.5                                        LAT1 / LAT2 / DLAT
  -180.0 180.0   5.0                                        LON1 / LON2 / DLON
    -1                                                      EXPONENT
TEC values in  0.1 TECUs; 9999 if no value available        COMMENT
DCB values in nanoseconds, reference is Sum_of_SatDCBs = 0  COMMENT
                                                            END OF HEADER
[from data line 3432]
     9                                                      START OF TEC MAP
  2016    12    19    16     0     0                        EPOCH OF CURRENT MAP
    87.5-180.0 180.0   5.0 450.0                            LAT/LON1/LON2/DLON/H
   21   21   21   21   21   21   21   21   21   21   21   21   21   21   21   21
   21   21   21   21   21   21   21   21   21   21   21   22   22   21   22   22
   22   22   22   22   22   22   22   22   23   23   23   23   23   23   23   23
   23   23   23   23   23   23   23   23   22   22   23   22   22   22   22   22
   22   22   22   22   22   22   21   21   21
    85.0-180.0 180.0   5.0 450.0                            LAT/LON1/LON2/DLON/H
   22   23   23   22   22   22   22   22   22   22   22   22   22   22   22   22
   21   22   22   22   22   22   22   21   21   21   22   21   22   22   22   22
   22   22   23   23   24   24   24   24   25   25   25   25   25   25   25   25
   25   25   25   24   24   24   24   24   24   24   24   24   23   24   23   23
   23   23   23   23   23   23   23   23   22
    82.5-180.0 180.0   5.0 450.0                            LAT/LON1/LON2/DLON/H
   24   24   25   24   25   24   24   24   24   24   24   24   24   24   23   23
   23   22   23   22   22   22   22   22   21   22   21   22   21   22   23   23
   23   23   24   24   25   26   26   26   27   27   27   27   27   27   27   27
   26   26   26   26   26   26   26   25   25   25   25   25   25   24   25   24
   24   25   25   25   24   24   24   24   24
    80.0-180.0 180.0   5.0 450.0                            LAT/LON1/LON2/DLON/H
   26   27   27   27   27   27   28   27   27   27   27   27   26   26   26   25
   25   25   24   25   24   24   24   23   23   23   22   22   22   22   22   23
   24   24   25   26   27   28   28   29   29   29   29   29   29   28   28   27
   27   27   27   26   26   26   26   26   27   27   26   26   26   26   26   26
   27   26   26   26   26   27   27   27   26
    77.5-180.0 180.0   5.0 450.0                            LAT/LON1/LON2/DLON/H
   29   29   29   30   31   31   31   31   31   31   30   30   30   29   29   28
   28   28   28   27   27   27   26   26   25   25   24   24   23   23   23   23
   23   24   25   26   27   28   29   31   31   31   31   30   29   29   28   27
   26   26   25   25   26   26   27   27   27   28   28   28   27   28   28   28
   28   28   29   28   28   28   29   29   29
    75.0-180.0 180.0   5.0 450.0                            LAT/LON1/LON2/DLON/H
   30   31   32   33   34   34   35   35   35   34   34   33   32   31   31   31
   31   31   30   31   31   31   31   30   29   29   28   27   26   24   24   23
   23   23   24   25   27   28   29   30   31   31   31   30   29   28   26   25
   24   23   23   24   25   25   26   27   28   28   29   29   29   29   29   29
   30   29   29   29   30   30   30   30   30
    72.5-180.0 180.0   5.0 450.0                            LAT/LON1/LON2/DLON/H
   31   32   33   35   35   37   37   37   37   37   36   35   34   33   32   32
   32   33   34   35   36   36   36   36   35   34   33   31   30   28   27   25
   24   23   23   24   25   27   28   29   30   30   29   28   27   24   23   21
   21   20   21   21   23   24   26   27   28   29   29   30   29   30   30   29
   30   30   30   30   30   30   30   30   31
    70.0-180.0 180.0   5.0 450.0                            LAT/LON1/LON2/DLON/H
   31   31   33   35   36   38   38   39   39   37   36   35   34   33   33   33
   34   35   37   39   41   42   43   43   43   41   39   38   36   34   32   29
   27   25   23   23   24   24   25   26   26   26   26   24   23   21   19   18
   17   18   18   20   22   24   26   28   29   30   30   30   30   30   30   30
   30   30   30   29   29   29   30   30   31
    67.5-180.0 180.0   5.0 450.0                            LAT/LON1/LON2/DLON/H
   29   30   32   33   36   37   37   37   37   36   34   33   32   31   31   33
   34   37   40   43   47   49   51   51   50   48   46   44   42   40   37   34
   31   28   25   23   22   21   22   22   22   21   20   20   19   18   16   15
   15   15   17   19   22   25   27   29   30   31   31   31   30   30   30   30
   30   30   30   29   29   29   28   28   29
    65.0-180.0 180.0   5.0 450.0                            LAT/LON1/LON2/DLON/H
   28   29   30   32   34   34   35   35   34   33   31   30   29   29   30   32
   35   38   43   48   52   55   58   59   58   55   53   51   48   46   43   40
   36   31   28   25   22   21   19   18   18   17   17   16   16   15   14   14
   14   16   18   20   23   27   30   32   33   33   33   32   31   30   30   30
   30   30   30   29   29   28   28   28   28
    62.5-180.0 180.0   5.0 450.0                            LAT/LON1/LON2/DLON/H
   28   29   30   31   32   32   32   31   31   29   28   27   27   27   29   32
   36   41   46   52   58   62   64   65   64   61   58   57   54   52   49   46
   41   36   31   28   24   21   19   17   16   15   15   15   15   15   16   17
   17   19   22   24   28   31   34   35   36   36   35   34   33   31   31   31
   31   31   31   31   30   29   28   28   28
    60.0-180.0 180.0   5.0 450.0                            LAT/LON1/LON2/DLON/H
   30   31   31   31   31   30   29   28   27   25   24   24   25   27   29   32
   37   43   50   57   62   66   69   70   69   66   64   61   59   57   55   51
   46   41   36   32   28   24   22   20   18   18   18   18   19   20   21   23
   24   26   28   31   34   37   39   40   41   40   39   37   35   34   33   33
   33   34   34   34   33   32   31   31   30
    57.5-180.0 180.0   5.0 450.0                            LAT/LON1/LON2/DLON/H
   34   33   33   33   32   30   28   26   24   22   22   23   25   28   31   36
   41   47   54   61   67   71   73   73   72   69   67   66   64   64   61   57
   52   46   41   37   33   30   28   25   24   24   24   26   27   28   30   33
   34   36   37   40   42   44   46   46   46   45   44   42   40   38   37   36
   36   37   37   37   37   36   35   35   34
    55.0-180.0 180.0   5.0 450.0                            LAT/LON1/LON2/DLON/H
   39   38   37   36   34   31   28   25   22   21   22   24   27   31   35   41
   46   52   59   65   70   74   75   75   74   73   71   70   70   69   67   63
   57   51   47   43   40   38   36   35   34   35   35   36   38   40   42   44
   46   47   48   49   51   52   53   53   53   52   50   48   46   44   42   41
   41   41   41   41   41   40   40   39   39
    52.5-180.0 180.0   5.0 450.0                            LAT/LON1/LON2/DLON/H
   44   43   42   41   38   34   30   27   25   24   25   28   32   36   42   47
   53   59   65   71   76   78   79   78   76   76   76   77   77   77   74   69
   64   58   54   51   49   47   46   46   47   48   49   50   51   53   56   58
   58   59   60   60   60   60   60   60   60   59   57   55   53   50   48   46
   45   45   45   45   44   45   45   44   44
    50.0-180.0 180.0   5.0 450.0                            LAT/LON1/LON2/DLON/H
   49   48   47   46   43   39   34   30   28   29   31   34   38   44   49   55
   61   66   72   77   81   83   83   82   81   81   82   84   85   84   82   77
   71   66   62   60   58   57   58   59   61   62   63   64   65   67   69   71
   71   71   71   70   69   68   68   67   67   66   65   63   61   59   55   53
   50   49   48   48   48   49   49   49   49
    47.5-180.0 180.0   5.0 450.0                            LAT/LON1/LON2/DLON/H
   52   51   51   49   46   43   38   34   33   35   38   42   47   52   57   63
   69   74   80   85   89   90   90   89   88   89   91   93   94   92   90   85
   79   74   71   69   68   68   69   71   73   75   76   78   79   80   82   82
   82   82   79   77   76   75   74   73   73   73   72   71   69   66   62   58
   55   52   51   50   50   51   52   52   52
    45.0-180.0 180.0   5.0 450.0                            LAT/LON1/LON2/DLON/H
   53   53   52   51   49   45   41   38   38   42   48   53   57   60   65   70
   76   82   88   93   97  100  100   99   98  100  102  103  102  100   97   92
   87   83   81   80   79   78   79   82   84   86   87   89   90   91   91   91
   90   88   86   83   81   79   78   78   77   78   78   77   75   72   68   64
   59   56   54   52   52   53   53   53   53
    42.5-180.0 180.0   5.0 450.0                            LAT/LON1/LON2/DLON/H
   53   53   52   51   49   46   43   42   44   49   57   62   66   69   73   77
   82   88   95  102  107  111  112  111  111  111  113  113  110  106  102   98
   95   93   92   90   89   88   89   90   92   94   95   96   97   98   98   97
   95   91   88   85   82   81   80   79   80   80   81   81   79   76   72   67
   63   58   55   54   54   54   55   54   53
    40.0-180.0 180.0   5.0 450.0                            LAT/LON1/LON2/DLON/H
   53   51   51   50   49   46   44   44   49   56   65   71   75   77   80   83
   88   93  101  110  117  123  125  125  123  124  123  121  117  112  107  104
  102  101  101  101  100   98   97   97   98   99  100  101  102  102  101   98
   95   92   88   84   82   80   80   80   80   81   82   82   81   78   74   70
   65   60   57   55   54   55   54   54   53
    37.5-180.0 180.0   5.0 450.0                            LAT/LON1/LON2/DLON/H
   52   51   50   49   48   46   44   45   52   61   72   79   83   85   86   89
   92   98  106  116  126  134  136  136  135  133  132  128  122  116  111  108
  108  109  111  111  110  107  105  104  103  103  104  104  104  103  100   97
   93   89   85   82   80   79   78   79   80   81   82   82   81   78   75   71
   66   62   59   57   56   55   55   53   52
    35.0-180.0 180.0   5.0 450.0                            LAT/LON1/LON2/DLON/H
   52   51   50   49   47   45   44   46   54   66   78   86   90   92   92   94
   96  102  110  120  132  141  145  144  142  140  137  132  125  119  114  113
  115  118  120  122  121  118  114  111  108  107  106  105  104  102   98   94
   89   85   82   80   79   78   77   78   79   80   80   80   79   77   74   71
   67   64   60   58   57   56   55   54   52
    32.5-180.0 180.0   5.0 450.0                            LAT/LON1/LON2/DLON/H
   53   52   51   50   48   45   45   48   56   69   83   92   97   98   98   99
  100  104  112  122  135  145  150  148  146  143  140  134  128  122  119  119
  123  128  132  134  133  130  125  121  116  112  109  107  104  100   96   91
   86   83   80   79   78   77   76   76   78   78   79   79   77   75   73   70
   67   64   62   60   58   57   55   54   53
    30.0-180.0 180.0   5.0 450.0                            LAT/LON1/LON2/DLON/H
   54   54   53   51   49   47   46   50   59   73   87   97  103  104  105  104
  104  107  113  123  135  145  150  148  145  143  140  136  131  128  127  130
  135  140  144  147  147  144  139  132  125  118  114  109  105  101   95   90
   86   82   80   79   78   77   76   76   77   78   78   76   75   73   71   69
   67   65   63   61   60   58   57   56   54
    27.5-180.0 180.0   5.0 450.0                            LAT/LON1/LON2/DLON/H
   56   56   55   54   52   50   49   53   62   77   91  102  108  110  110  110
  109  111  115  124  134  143  147  146  143  142  142  140  138  137  140  145
  151  158  161  163  163  159  154  146  137  128  120  114  109  103   98   93
   89   86   83   81   80   79   77   76   76   77   77   75   72   71   69   68
   66   66   64   63   62   60   59   58   56
    25.0-180.0 180.0   5.0 450.0                            LAT/LON1/LON2/DLON/H
   58   58   58   56   55   52   52   56   66   80   94  105  112  115  116  115
  115  115  118  124  133  140  143  142  141  142  145  147  149  152  159  167
  174  180  182  181  179  176  170  160  150  139  129  122  115  110  104   98
   94   90   87   85   83   80   77   75   74   75   75   74   71   69   67   66
   65   65   64   64   63   62   60   59   58
    22.5-180.0 180.0   5.0 450.0                            LAT/LON1/LON2/DLON/H
   60   59   60   58   56   55   55   59   69   84   98  108  114  118  120  122
  122  122  124  127  133  138  140  141  143  148  154  159  166  174  185  195
  202  205  204  199  196  192  185  175  163  151  140  131  124  117  111  105
  101   96   92   88   85   81   77   74   73   74   73   72   69   67   66   65
   64   64   64   65   64   64   62   60   60
    20.0-180.0 180.0   5.0 450.0                            LAT/LON1/LON2/DLON/H
   60   60   59   59   57   56   57   62   73   87  101  111  117  121  125  128
  130  131  132  133  134  138  140  144  150  159  168  178  187  200  214  225
  231  231  226  218  213  208  200  189  176  164  152  142  133  126  119  112
  107  101   96   91   86   80   76   72   71   71   71   70   67   66   64   63
   62   62   63   63   63   63   62   61   60
    17.5-180.0 180.0   5.0 450.0                            LAT/LON1/LON2/DLON/H
   58   58   58   58   57   56   58   65   77   91  104  113  120  125  129  134
  139  141  141  140  139  140  143  151  161  174  187  199  212  227  243  254
  258  255  245  235  227  221  213  202  190  176  164  153  143  135  127  119
  112  106   99   92   86   80   75   71   69   69   68   67   66   64   63   61
   61   60   60   61   62   61   60   59   58
    15.0-180.0 180.0   5.0 450.0                            LAT/LON1/LON2/DLON/H
   54   54   55   55   54   55   58   67   80   95  108  116  122  129  135  142
  148  152  152  149  147  146  151  161  176  192  208  222  235  252  268  278
  278  272  260  248  239  233  225  213  202  189  177  164  153  143  133  124
  117  109  102   94   87   80   74   70   68   67   67   66   64   63   61   60
   59   58   58   58   58   58   56   55   54
    12.5-180.0 180.0   5.0 450.0                            LAT/LON1/LON2/DLON/H
   48   48   49   50   51   53   58   69   83   99  111  120  127  134  141  150
  157  162  163  160  157  156  162  176  194  212  228  242  255  270  285  292
  290  281  270  258  250  243  235  225  213  202  189  176  162  150  138  129
  120  112  105   97   89   82   77   73   69   68   67   65   64   62   61   59
   57   56   55   55   54   53   51   49   48
    10.0-180.0 180.0   5.0 450.0                            LAT/LON1/LON2/DLON/H
   42   42   43   44   46   49   57   70   87  102  114  123  132  140  149  157
  165  171  173  172  170  171  179  194  213  231  246  258  269  283  294  299
  294  286  277  267  260  253  244  235  225  214  201  187  170  156  143  132
  124  116  108  101   94   88   82   78   75   72   69   67   64   62   60   59
   58   56   54   52   50   48   46   44   42
     7.5-180.0 180.0   5.0 450.0                            LAT/LON1/LON2/DLON/H
   37   37   37   39   41   47   56   71   90  105  118  128  137  146  155  163
  171  178  182  184  186  190  200  215  233  249  261  271  280  289  298  300
  297  290  283  276  269  262  253  245  236  226  213  196  177  161  148  137
  128  120  114  107  101   96   91   87   83   79   75   71   66   63   61   61
   59   56   53   50   47   45   42   39   37
     5.0-180.0 180.0   5.0 450.0                            LAT/LON1/LON2/DLON/H
   35   33   33   34   37   44   56   73   93  109  122  131  142  151  161  169
  177  184  191  197  203  211  222  237  253  264  273  280  286  294  300  303
  300  296  292  286  280  272  263  255  247  237  222  203  183  166  152  142
  134  127  121  115  111  107  103   98   94   89   83   76   70   66   64   63
   62   59   54   50   47   44   40   38   35
     2.5-180.0 180.0   5.0 450.0                            LAT/LON1/LON2/DLON/H
   36   33   32   32   36   44   58   77   97  113  125  136  147  158  166  174
  182  190  200  210  220  232  245  259  270  278  283  286  292  298  303  307
  309  308  305  299  291  280  271  263  255  245  229  209  187  170  158  149
  142  135  129  125  122  120  115  110  105   99   93   84   76   70   68   67
   66   62   57   52   48   45   42   39   36
