IONEX/igrg3650.15i
     1.0            IONOSPHERE MAPS     MIX                 IONEX VERSION / TYPE
tecrms2ionex_2.awk  GRL/UWM            01/01/16 2301UT      PGM / RUN BY / DATE
Global ionosphere maps for day 365, 2015 (31-12-2015)       DESCRIPTION
IONEX file containing the COMBINED IGS Ionosphere maps      DESCRIPTION
from the combination of the following IAACs:                DESCRIPTION
esrg                                                        DESCRIPTION
jprg                                                        DESCRIPTION
Contact address: Andrzej Krankowski                         DESCRIPTION
                 Geodynamics Research Laboratory            DESCRIPTION
                 University of Warmia and Mazury (GRL/UWM)  DESCRIPTION
                 Oczapowski St. 1                           DESCRIPTION
                 10-957-Olsztyn, POLAND                     DESCRIPTION
                 e-mail:  kand@uwm.edu.pl                   DESCRIPTION
                                                            DESCRIPTION
  2015    12    31     0     0     0                        EPOCH OF FIRST MAP
  2016     1     1     0     0     0                        EPOCH OF LAST MAP
  7200                                                      INTERVAL
    13                                                      # OF MAPS IN FILE
  COSZ                                                      MAPPING FUNCTION
     0.0                                                    ELEVATION CUTOFF
Combined TEC calculated as weighted mean of input TEC valuesOBSERVABLES USED
   262                                                      # OF STATIONS
    31                                                      # OF SATELLITES
  6371.0                                                    BASE RADIUS
     2                                                      MAP DIMENSION
   450.0 450.0   0.0                                        HGT1 / HGT2 / DHGT
    87.5 -87.5  -2.5                                        LAT1 / LAT2 / DLAT
  -180.0 180.0   5.0                                        LON1 / LON2 / DLON
    -1                                                      EXPONENT
TEC values in  0.1 TECUs; 9999 if no value available        COMMENT
DCB values in nanoseconds, reference is Sum_of_SatDCBs = 0  COMMENT
                                                            END OF HEADER
[from data line 858]
     3                                                      START OF TEC MAP
  2015    12    31     4     0     0                        EPOCH OF CURRENT MAP
    87.5-180.0 180.0   5.0 450.0                            LAT/LON1/LON2/DLON/H
   53   53   54   54   54   54   54   55   55   55   55   55   55   55   55   55
   55   55   54   54   54   54   54   54   54   54   54   54   54   55   55   55
   55   55   56   56   56   56   56   56   56   56   56   56   56   56   55   55
   55   55   55   54   54   54   54   53   53   53   53   52   52   52   52   52
   52   52   52   52   53   53   53   53   53
    85.0-180.0 180.0   5.0 450.0                            LAT/LON1/LON2/DLON/H
   50   51   51   52   52   53   54   55   55   55   55   56   56   56   55   55
   54   53   53   52   51   51   51   50   50   50   50   51   51   52   52   54
   54   55   56   57   58   58   58   59   59   59   58   58   57   57   56   56
   55   54   53   52   52   51   50   50   49   49   49   48   48   48   48   48
   48   48   48   48   48   49   49   49   50
    82.5-180.0 180.0   5.0 450.0                            LAT/LON1/LON2/DLON/H
   46   47   48   50   51   53   54   55   56   57   58   58   58   57   57   56
   54   53   51   50   48   47   46   45   45   45   45   46   47   48   50   52
   53   55   57   58   60   61   62   62   62   62   62   61   60   59   57   55
   54   52   51   49   48   47   46   46   45   45   45   44   45   44   44   44
   45   45   44   44   44   45   45   45   46
    80.0-180.0 180.0   5.0 450.0                            LAT/LON1/LON2/DLON/H
   42   43   44   46   48   50   53   55   58   59   61   62   62   61   60   58
   56   54   51   49   46   44   42   41   40   40   41   43   44   46   48   50
   53   55   57   59   61   63   64   65   65   65   64   63   61   59   56   54
   51   49   47   45   44   43   43   43   42   43   43   44   44   44   45   45
   44   44   43   43   42   42   42   42   42
    77.5-180.0 180.0   5.0 450.0                            LAT/LON1/LON2/DLON/H
   40   40   41   42   45   47   50   53   56   60   62   64   65   64   63   61
   59   56   52   48   45   42   40   38   38   38   39   41   43   45   47   50
   52   54   56   59   61   62   64   65   65   65   64   62   59   57   53   50
   47   45   42   41   40   40   40   41   43   44   46   47   48   49   49   50
   49   48   47   46   44   43   41   40   40
    75.0-180.0 180.0   5.0 450.0                            LAT/LON1/LON2/DLON/H
   41   39   39   39   41   43   46   50   53   57   60   63   65   65   65   64
   61   57   53   49   46   43   41   39   39   40   41   43   45   47   49   51
   52   53   55   56   58   59   61   61   61   62   61   58   56   52   48   45
   41   39   37   36   36   38   40   43   46   49   52   55   57   59   60   60
   60   59   57   55   52   49   46   43   41
    72.5-180.0 180.0   5.0 450.0                            LAT/LON1/LON2/DLON/H
   45   41   39   37   37   38   41   44   48   52   56   60   63   65   65   64
   62   59   55   52   48   46   44   43   43   44   46   48   50   51   51   52
   52   52   52   53   53   53   54   55   56   55   53   51   48   44   40   37
   34   32   32   33   35   39   43   48   52   57   61   66   69   72   74   75
   74   73   71   68   64   59   54   50   45
    70.0-180.0 180.0   5.0 450.0                            LAT/LON1/LON2/DLON/H
   52   46   41   38   35   34   35   37   40   45   49   53   57   60   61   62
   61   59   57   54   52   49   48   48   48   50   52   54   54   55   54   53
   51   50   48   47   47   46   46   46   47   46   44   42   39   35   32   29
   27   27   29   32   37   42   49   56   62   68   74   78   83   86   89   90
   90   89   87   83   78   72   65   58   52
    67.5-180.0 180.0   5.0 450.0                            LAT/LON1/LON2/DLON/H
   60   52   45   39   35   31   30   30   33   36   40   45   49   53   55   57
   58   58   57   56   54   53   52   52   53   54   56   58   58   57   55   52
   49   45   43   41   39   39   38   38   38   37   35   33   31   27   25   24
   23   25   30   35   42   50   59   67   74   81   87   92   97  100  102  104
  104  104  101   97   92   85   77   69   60
    65.0-180.0 180.0   5.0 450.0                            LAT/LON1/LON2/DLON/H
   69   60   50   42   35   30   27   26   26   28   32   36   41   44   48   51
   53   54   55   55   55   54   54   54   55   56   57   59   59   57   54   49
   44   40   37   35   34   33   32   32   31   30   29   26   24   22   21   22
   24   28   35   43   52   61   71   80   88   94   99  104  108  111  113  114
  115  114  112  108  103   96   88   79   69
    62.5-180.0 180.0   5.0 450.0                            LAT/LON1/LON2/DLON/H
   77   67   56   46   37   30   25   23   22   23   26   29   33   37   41   44
   48   50   52   53   54   53   53   54   54   54   55   56   55   53   50   44
   39   36   33   32   31   30   30   29   29   28   26   24   23   22   22   25
   29   36   44   54   65   75   85   94  101  107  112  115  117  119  120  121
  122  121  119  115  110  104   96   87   77
    60.0-180.0 180.0   5.0 450.0                            LAT/LON1/LON2/DLON/H
   84   74   62   52   41   32   26   22   21   21   23   26   29   32   35   39
   42   46   49   50   51   51   50   50   50   49   49   49   48   46   43   39
   34   32   30   30   30   31   31   31   30   30   28   27   26   26   27   32
   39   47   57   68   79   90  100  108  115  120  123  125  126  126  127  127
  126  126  123  120  115  109  102   93   84
    57.5-180.0 180.0   5.0 450.0                            LAT/LON1/LON2/DLON/H
   91   81   69   58   47   37   30   25   23   22   23   25   27   29   31   35
   38   41   44   45   46   46   46   45   43   42   42   41   41   39   36   33
   31   29   29   31   33   35   36   36   37   36   36   34   33   33   36   42
   51   61   71   83   94  104  113  121  127  131  134  134  134  134  134  133
  132  130  128  124  120  114  107  100   91
    55.0-180.0 180.0   5.0 450.0                            LAT/LON1/LON2/DLON/H
   98   87   76   65   53   43   35   30   27   26   27   27   28   29   31   33
   35   38   40   41   42   41   40   38   36   35   34   34   34   33   32   31
   29   30   31   34   38   41   43   45   46   47   46   45   43   44   47   54
   64   75   86   97  107  116  125  133  138  142  143  144  144  144  143  142
  140  137  134  130  125  119  113  106   98
    52.5-180.0 180.0   5.0 450.0                            LAT/LON1/LON2/DLON/H
  105   95   85   73   61   50   42   36   33   33   32   33   32   31   31   32
   34   36   37   38   37   36   35   33   31   30   30   30   30   30   30   30
   31   33   36   39   44   48   51   54   56   58   58   56   55   55   59   67
   77   88   98  109  118  127  135  142  147  151  153  154  154  154  154  152
  150  147  142  137  132  126  120  113  105
    50.0-180.0 180.0   5.0 450.0                            LAT/LON1/LON2/DLON/H
  113  105   94   82   70   59   50   44   42   40   40   39   37   35   33   33
   34   36   36   36   34   33   32   31   30   29   29   30   31   32   33   34
   36   38   42   46   50   55   59   63   67   69   70   68   66   67   71   80
   90  100  110  119  127  135  143  150  155  160  162  164  164  164  164  162
  160  156  151  146  140  134  127  121  113
    47.5-180.0 180.0   5.0 450.0                            LAT/LON1/LON2/DLON/H
  122  114  104   92   79   68   59   53   50   48   49   47   44   40   37   36
   36   38   38   37   34   33   32   32   32   33   34   35   36   38   40   41
   44   46   50   53   57   61   66   70   74   78   79   78   77   77   83   91
  102  111  120  127  135  142  150  156  162  166  169  170  171  171  171  169
  167  163  159  153  148  142  135  129  122
    45.0-180.0 180.0   5.0 450.0                            LAT/LON1/LON2/DLON/H
  129  121  112  100   88   77   67   62   59   58   57   55   51   46   41   40
   41   43   43   41   39   38   37   37   39   41   43   45   47   48   49   51
   53   55   57   60   63   67   70   75   79   83   85   86   85   87   93  102
  112  122  129  135  141  147  154  161  167  171  174  175  174  173  172  171
  169  166  162  158  153  147  141  135  129
    42.5-180.0 180.0   5.0 450.0                            LAT/LON1/LON2/DLON/H
  133  127  117  107   95   84   75   70   68   67   66   64   60   53   48   46
   49   51   52   50   48   47   47   48   51   54   57   58   59   60   60   61
   62   64   66   67   69   71   74   77   81   86   90   91   91   95  102  112
  123  131  137  141  145  150  157  163  170  174  175  175  174  172  169  167
  165  163  160  158  155  151  145  139  133
    40.0-180.0 180.0   5.0 450.0                            LAT/LON1/LON2/DLON/H
  134  128  120  110   99   88   81   76   74   75   75   74   69   62   56   55
   58   63   64   63   61   60   60   63   66   70   71   72   72   72   71   71
   72   73   73   74   74   74   75   78   82   87   92   95   96  101  110  120
  130  138  142  145  148  152  158  165  171  175  176  175  171  167  164  161
  159  157  156  156  154  150  145  140  134
    37.5-180.0 180.0   5.0 450.0                            LAT/LON1/LON2/DLON/H
  132  125  117  109   99   90   83   80   79   81   83   83   79   72   66   66
   70   74   77   77   76   75   76   79   82   84   85   84   83   81   79   78
   79   79   80   80   79   77   77   78   82   87   93   96  100  106  115  126
  136  143  147  148  150  153  158  165  171  176  177  176  173  168  164  160
  157  156  156  156  154  150  144  138  132
    35.0-180.0 180.0   5.0 450.0                            LAT/LON1/LON2/DLON/H
  128  120  112  104   95   87   81   80   81   85   89   92   89   84   78   76
   81   86   90   91   91   92   93   94   96   97   96   94   91   87   85   83
   83   84   85   84   82   80   78   78   81   86   92   97  102  109  119  131
  141  148  151  151  151  154  159  166  173  179  183  184  183  180  175  170
  168  166  165  165  162  156  147  137  128
    32.5-180.0 180.0   5.0 450.0                            LAT/LON1/LON2/DLON/H
  129  117  106   97   88   81   77   77   80   86   92   97   97   93   89   87
   90   96  100  102  104  105  106  107  107  105  102   99   96   92   88   87
   87   88   88   87   84   81   79   78   80   86   92   97  102  110  121  134
  144  151  155  155  154  157  161  168  177  187  195  202  206  206  204  199
  195  192  190  188  183  173  159  144  129
    30.0-180.0 180.0   5.0 450.0                            LAT/LON1/LON2/DLON/H
  141  122  106   93   82   74   71   71   75   82   91   98  101  100   96   94
   96  102  107  110  113  114  116  115  112  109  105  102   98   94   91   90
   91   91   90   88   84   80   77   77   79   84   90   95  102  111  124  138
  149  155  160  161  160  163  167  175  187  201  217  231  242  248  250  247
  243  238  234  230  221  206  185  163  141
    27.5-180.0 180.0   5.0 450.0                            LAT/LON1/LON2/DLON/H
  166  138  114   96   81   71   65   65   68   76   85   94  100  102   99   97
   98  103  108  112  116  119  120  119  115  110  105  102   99   96   95   95
   94   93   91   87   82   77   74   74   76   80   86   92  100  112  127  141
  153  161  166  169  171  174  180  189  204  224  246  268  287  299  305  306
  301  296  292  287  275  256  229  198  166
    25.0-180.0 180.0   5.0 450.0                            LAT/LON1/LON2/DLON/H
  209  169  136  109   88   74   64   61   62   67   76   85   93   97   97   95
   96  100  105  109  114  117  120  120  115  110  106  103  101  100  100  100
   99   96   91   84   77   72   69   69   72   75   81   89  100  115  132  147
  160  169  177  182  186  191  197  208  227  253  282  310  335  352  361  363
  360  355  352  348  337  316  285  248  209
    22.5-180.0 180.0   5.0 450.0                            LAT/LON1/LON2/DLON/H
  261  214  171  135  108   86   71   63   59   61   68   75   83   88   90   90
   91   94   97  102  106  111  116  118  116  111  108  106  105  105  107  107
  105   99   90   81   73   67   64   64   66   69   76   86  100  118  138  155
  168  179  190  199  206  213  222  235  257  287  320  353  379  397  407  409
  407  403  403  402  394  375  345  306  261
    20.0-180.0 180.0   5.0 450.0                            LAT/LON1/LON2/DLON/H
  315  263  213  172  138  109   87   72   63   61   64   69   75   79   82   83
   85   86   89   91   95  102  109  116  117  116  114  111  110  111  115  115
  109  100   89   78   68   62   60   60   60   63   71   84  102  124  146  164
  178  192  205  218  231  241  253  268  292  324  359  390  414  427  433  434
  431  429  433  437  434  422  396  361  315
    17.5-180.0 180.0   5.0 450.0                            LAT/LON1/LON2/DLON/H
  360  310  259  214  175  141  112   90   76   69   69   71   74   76   77   79
   81   82   81   82   85   93  104  115  122  123  122  119  116  117  120  120
  113  101   89   77   67   61   58   57   56   59   68   84  106  131  154  174
  190  205  223  240  257  271  286  302  328  360  392  419  436  442  440  436
  432  430  435  443  448  444  429  402  360
    15.0-180.0 180.0   5.0 450.0                            LAT/LON1/LON2/DLON/H
  389  346  298  254  215  178  143  116   97   87   85   85   83   80   81   81
   82   82   80   79   83   91  104  118  129  132  131  127  122  120  122  120
  113  101   89   78   69   63   60   57   56   58   68   88  113  140  164  184
  201  220  240  261  282  299  315  333  357  387  416  437  445  442  433  423
  416  413  418  427  436  440  436  419  389
    12.5-180.0 180.0   5.0 450.0                            LAT/LON1/LON2/DLON/H
  396  364  326  288  251  214  177  146  124  114  112  110  104   96   92   91
   91   90   87   87   91   99  112  127  139  143  141  133  125  121  120  117
  109  100   90   81   74   68   64   60   58   61   73   94  121  149  172  192
  211  232  254  278  300  320  337  354  377  403  427  441  443  433  418  404
  395  389  391  399  409  418  421  415  396
    10.0-180.0 180.0   5.0 450.0                            LAT/LON1/LON2/DLON/H
  388  368  340  310  278  244  209  177  155  145  145  143  132  120  112  109
  108  106  106  109  114  120  130  142  151  152  148  138  126  118  114  110
  104   98   92   87   81   77   72   66   64   67   81  103  130  157  180  199
  218  239  263  288  311  331  347  363  382  404  423  434  433  420  403  390
  379  372  369  373  380  389  396  397  388
     7.5-180.0 180.0   5.0 450.0                            LAT/LON1/LON2/DLON/H
  371  361  343  320  296  267  235  205  184  178  179  177  164  147  136  130
  128  128  132  141  149  153  157  161  163  160  153  140  126  114  107  103
  100   97   96   94   91   86   80   74   71   76   90  113  139  163  184  203
  222  242  265  289  311  330  346  359  375  393  409  419  420  411  398  388
  380  373  367  364  364  367  371  375  371
     5.0-180.0 180.0   5.0 450.0                            LAT/LON1/LON2/DLON/H
  356  351  340  323  305  282  255  228  209  205  210  207  191  171  156  150
  148  150  160  175  186  189  185  180  173  165  155  141  125  112  103   99
   98   98  100  101   99   95   89   82   79   85   99  122  145  167  186  203
  221  240  262  283  302  320  335  347  360  375  391  403  409  407  403  400
  398  394  387  378  370  363  360  358  356
     2.5-180.0 180.0   5.0 450.0                            LAT/LON1/LON2/DLON/H
  351  343  334  323  309  292  270  246  229  226  231  227  209  187  172  165
  163  167  182  203  217  218  208  193  178  167  156  142  126  113  103   99
  100  103  106  108  107  103   95   89   86   92  107  128  149  168  185  201
  218  235  254  273  290  306  320  332  345  359  375  391  405  413  419  425
  431  433  426  414  398  382  368  358  351
