IONEX/igrg3530.16i
     1.0            IONOSPHERE MAPS     MIX                 IONEX VERSION / TYPE
tecrms2ionex_2.awk  GRL/UWM            12/19/16 2012UT      PGM / RUN BY / DATE
Global ionosphere maps for day 353, 2016 (18-12-2016)       DESCRIPTION
IONEX file containing the COMBINED IGS Ionosphere maps      DESCRIPTION
from the combination of the following IAACs:                DESCRIPTION
esrg                                                        DESCRIPTION
jprg                                                        DESCRIPTION
Contact address: Andrzej Krankowski                         DESCRIPTION
                 Geodynamics Research Laboratory            DESCRIPTION
                 University of Warmia and Mazury (GRL/UWM)  DESCRIPTION
                 Oczapowski St. 1                           DESCRIPTION
                 10-957-Olsztyn, POLAND                     DESCRIPTION
                 e-mail:  kand@uwm.edu.pl                   DESCRIPTION
                                                            DESCRIPTION
  2016    12    18     0     0     0                        EPOCH OF FIRST MAP
  2016    12    19     0     0     0                        EPOCH OF LAST MAP
  7200                                                      INTERVAL
    13                                                      # OF MAPS IN FILE
  COSZ                                                      MAPPING FUNCTION
     0.0                                                    ELEVATION CUTOFF
Combined TEC calculated as weighted mean of input TEC valuesOBSERVABLES USED
   286                                                      # OF STATIONS
     0                                                      # OF SATELLITES
  6371.0                                                    BASE RADIUS
     2                                                      MAP DIMENSION
   450.0 450.0   0.0                                        HGT1 / HGT2 / DHGT
    87.5 -87.5  -2.5                                        LAT1 / LAT2 / DLAT
  -180.0 180.0   5.0                                        LON1 / LON2 / DLON
    -1                                                      EXPONENT
TEC values in  0.1 TECUs; 9999 if no value available        COMMENT
DCB values in nanoseconds, reference is Sum_of_SatDCBs = 0  COMMENT
                                                            END OF HEADER
[from data line 3861]
    10                                                      START OF TEC MAP
  2016    12    18    18     0     0                        EPOCH OF CURRENT MAP
    87.5-180.0 180.0   5.0 450.0                            LAT/LON1/LON2/DLON/H
   23   23   23   24   24   23   23   23   23   24   24   24   24   24   24   23
   23   23   23   23   23   22   22   22   22   21   21   21   21   21   21   21
   21   21   21   22   21   21   22   22   22   22   22   22   22   22   22   22
   22   22   21   21   21   21   22   22   22   21   21   21   22   22   22   22
   22   22   22   22   22   23   23   23   23
    85.0-180.0 180.0   5.0 450.0                            LAT/LON1/LON2/DLON/H
   26   26   26   26   27   27   27   27   27   27   26   27   27   26   26   25
   25   25   24   24   23   23   22   22   21   21   21   21   21   21   21   22
   21   22   22   22   23   23   23   23   24   24   24   24   24   23   23   23
   23   23   22   22   22   21   21   21   21   21   21   21   21   21   22   22
   22   23   23   24   24   24   25   25   26
    82.5-180.0 180.0   5.0 450.0                            LAT/LON1/LON2/DLON/H
   28   28   29   29   29   29   30   30   30   30   30   30   30   30   30   29
   29   28   27   26   25   24   24   23   22   22   21   21   20   20   20   21
   21   22   22   23   23   24   25   26   26   26   27   27   26   26   26   25
   24   24   23   22   22   21   21   21   21   20   20   21   21   22   22   22
   23   24   24   25   26   26   27   27   28
    80.0-180.0 180.0   5.0 450.0                            LAT/LON1/LON2/DLON/H
   29   30   31   31   31   32   32   33   33   34   34   34   34   34   34   33
   33   32   31   30   28   27   25   24   23   21   21   20   19   19   19   19
   20   21   21   23   24   25   26   27   28   29   29   29   28   28   27   26
   25   24   23   22   21   21   20   20   20   20   20   20   21   21   22   23
   24   24   25   26   26   27   28   28   29
    77.5-180.0 180.0   5.0 450.0                            LAT/LON1/LON2/DLON/H
   30   31   31   32   33   33   34   34   35   36   36   37   38   38   38   38
   38   37   37   35   33   31   29   27   25   23   21   20   19   19   18   18
   19   20   20   22   23   25   26   27   28   29   29   29   29   28   27   26
   24   23   22   21   20   20   19   19   20   20   20   21   21   22   22   23
   23   24   25   26   26   27   28   29   30
    75.0-180.0 180.0   5.0 450.0                            LAT/LON1/LON2/DLON/H
   30   30   31   32   32   33   33   34   35   36   37   38   40   41   42   43
   44   43   43   41   39   37   34   31   28   26   24   21   20   19   18   17
   17   18   19   20   21   23   24   25   26   27   27   27   26   26   24   23
   21   20   19   18   18   18   19   20   20   21   21   22   22   23   22   23
   23   23   24   24   25   26   27   29   30
    72.5-180.0 180.0   5.0 450.0                            LAT/LON1/LON2/DLON/H
   28   29   29   30   30   31   31   32   33   34   36   38   40   43   46   47
   49   49   48   48   46   43   41   37   34   31   27   24   21   19   17   16
   16   16   17   17   18   20   21   22   23   23   24   23   22   21   20   18
   17   16   15   15   16   17   18   20   21   23   23   23   23   23   23   22
   22   22   22   22   23   24   25   27   28
    70.0-180.0 180.0   5.0 450.0                            LAT/LON1/LON2/DLON/H
   26   27   28   28   28   28   28   29   30   32   34   37   40   43   47   50
   52   54   55   55   54   52   48   43   39   36   32   27   23   20   17   16
   15   14   14   14   14   16   17   18   18   19   19   18   17   16   15   15
   14   14   14   13   14   17   19   21   24   25   26   26   26   25   23   22
   21   21   21   21   21   22   23   25   26
    67.5-180.0 180.0   5.0 450.0                            LAT/LON1/LON2/DLON/H
   25   26   26   26   26   26   26   26   28   30   33   35   39   43   48   52
   55   59   61   63   61   59   55   50   46   41   36   31   26   22   18   15
   13   12   12   11   12   12   13   14   14   14   14   14   13   13   13   12
   12   12   12   12   15   18   21   24   27   29   30   29   28   26   24   23
   21   19   19   19   20   21   22   23   25
    65.0-180.0 180.0   5.0 450.0                            LAT/LON1/LON2/DLON/H
   24   25   26   25   25   24   24   24   26   29   31   35   39   43   48   53
   58   63   67   69   68   66   62   56   51   46   41   36   30   25   19   16
   13   11   10    9    9   10   10   11   11   12   12   12   11   11   11   11
   11   11   12   14   18   22   25   29   32   34   35   34   32   30   27   25
   22   20   19   19   19   20   22   23   24
    62.5-180.0 180.0   5.0 450.0                            LAT/LON1/LON2/DLON/H
   25   25   25   25   24   24   24   25   27   30   33   37   41   45   50   56
   61   67   72   74   74   71   67   61   55   51   46   40   34   28   23   19
   15   13   11   10   10   10   10   10   11   12   12   13   13   13   13   13
   14   16   17   20   23   27   31   35   38   40   41   40   37   34   31   28
   25   23   21   21   21   22   23   24   25
    60.0-180.0 180.0   5.0 450.0                            LAT/LON1/LON2/DLON/H
   27   26   27   26   26   25   26   28   30   34   38   41   45   49   54   60
   66   71   76   78   78   75   70   64   59   54   49   43   38   33   28   24
   21   17   14   12   11   12   12   13   14   15   17   18   19   20   21   22
   23   24   26   29   32   35   39   43   46   48   48   46   44   40   36   33
   29   27   25   24   24   25   25   26   27
    57.5-180.0 180.0   5.0 450.0                            LAT/LON1/LON2/DLON/H
   29   29   28   28   28   28   29   32   36   40   44   48   52   56   61   66
   71   76   79   82   81   78   73   67   62   58   52   48   43   39   35   32
   28   24   20   18   16   16   17   18   21   23   25   28   29   31   32   33
   34   36   37   39   42   45   49   52   55   56   56   54   51   47   43   39
   35   32   30   29   29   29   29   29   29
    55.0-180.0 180.0   5.0 450.0                            LAT/LON1/LON2/DLON/H
   32   31   31   31   32   34   36   39   44   48   53   57   62   65   70   74
   78   81   83   84   82   79   75   71   66   62   58   53   49   46   43   41
   37   33   30   26   24   24   25   27   30   33   36   39   41   43   45   46
   48   50   51   52   55   57   60   63   65   65   64   63   60   56   51   46
   42   38   36   34   34   34   34   33   32
    52.5-180.0 180.0   5.0 450.0                            LAT/LON1/LON2/DLON/H
   35   34   34   35   37   40   43   48   52   58   63   67   72   76   79   83
   86   87   87   86   84   81   78   75   72   68   65   61   57   55   53   51
   48   44   39   36   33   33   35   37   41   44   48   51   55   57   59   61
   63   65   66   67   69   70   72   74   74   74   73   71   69   64   60   55
   50   46   42   40   39   38   38   36   35
    50.0-180.0 180.0   5.0 450.0                            LAT/LON1/LON2/DLON/H
   38   37   37   39   43   46   51   57   62   68   73   77   82   85   88   91
   93   93   91   89   87   84   83   81   79   78   74   71   67   64   63   60
   57   53   49   45   44   43   45   48   51   55   59   63   67   70   74   76
   78   79   81   81   83   84   85   85   85   83   82   80   77   72   68   63
   57   52   47   45   43   42   41   40   38
    47.5-180.0 180.0   5.0 450.0                            LAT/LON1/LON2/DLON/H
   40   39   40   43   48   53   60   66   72   77   82   86   90   93   96   99
  100   99   96   94   91   90   89   89   89   89   86   82   79   75   72   69
   65   60   57   54   53   53   55   58   61   64   68   73   78   82   86   89
   91   92   94   95   96   96   97   96   94   92   89   86   83   79   74   69
   64   58   53   49   46   45   44   42   40
    45.0-180.0 180.0   5.0 450.0                            LAT/LON1/LON2/DLON/H
   41   39   42   46   52   60   68   76   81   87   91   93   96   99  102  105
  106  105  103  100   98   97   98   99  101  101   99   95   91   86   81   76
   70   66   63   60   61   62   64   67   69   72   76   81   87   92   96   99
  101  102  104  105  106  106  106  104  101   97   93   89   87   83   79   74
   69   63   57   52   49   48   46   43   41
    42.5-180.0 180.0   5.0 450.0                            LAT/LON1/LON2/DLON/H
   42   41   43   49   56   65   76   84   90   94   97  100  101  103  106  108
  111  112  111  109  107  106  107  110  113  114  112  109  103   97   90   83
   76   71   67   67   67   69   72   74   76   78   82   87   93   99  104  105
  106  107  109  110  111  112  112  109  104   99   95   91   88   85   80   76
   71   65   59   54   51   50   47   44   42
    40.0-180.0 180.0   5.0 450.0                            LAT/LON1/LON2/DLON/H
   43   42   45   51   60   71   81   90   97  101  103  105  105  106  108  111
  115  119  120  119  117  117  119  122  125  126  124  120  115  108  100   90
   82   76   73   72   74   76   79   81   82   83   86   91   97  103  106  107
  107  107  108  110  112  114  113  110  105   98   93   89   86   83   80   76
   72   66   60   56   53   51   49   46   43
    37.5-180.0 180.0   5.0 450.0                            LAT/LON1/LON2/DLON/H
   45   46   48   54   64   75   86   95  102  106  108  109  109  109  110  114
  119  125  128  129  128  127  128  132  134  135  133  130  125  118  110  100
   91   84   79   78   80   84   86   87   87   88   90   94  100  104  106  105
  103  102  103  106  109  112  111  107  101   95   91   86   83   81   77   74
   70   65   60   56   54   53   51   48   45
    35.0-180.0 180.0   5.0 450.0                            LAT/LON1/LON2/DLON/H
   50   50   54   60   68   79   90   99  105  110  113  113  112  111  112  116
  121  129  135  137  137  136  137  140  141  142  140  136  132  127  120  111
  103   95   90   87   88   91   93   93   92   92   94   97  100  103  103  100
   97   95   96  100  104  107  106  102   96   91   87   83   81   78   75   71
   68   64   59   57   55   55   53   51   50
    32.5-180.0 180.0   5.0 450.0                            LAT/LON1/LON2/DLON/H
   54   56   61   67   74   84   93  102  108  113  116  118  117  115  115  118
  124  132  139  143  144  143  144  145  146  144  142  140  138  135  131  125
  118  111  104   99   99  100  101  100   98   97   97   99  100  100   98   94
   90   88   88   92   97   99   99   95   91   87   85   82   79   76   72   68
   65   61   58   56   56   56   55   54   54
    30.0-180.0 180.0   5.0 450.0                            LAT/LON1/LON2/DLON/H
   59   64   69   74   80   87   96  104  110  116  121  123  123  121  120  122
  127  135  142  147  148  148  148  148  147  145  144  143  143  144  143  140
  136  130  123  115  112  110  108  104  102  100   99   99   98   96   93   89
   84   82   82   85   89   92   91   88   85   84   83   82   80   75   70   66
   62   59   57   56   56   56   57   57   59
    27.5-180.0 180.0   5.0 450.0                            LAT/LON1/LON2/DLON/H
   63   70   77   83   86   92   98  106  113  121  127  129  130  128  127  127
  130  137  143  149  151  151  151  151  150  148  147  147  150  154  157  157
  156  152  145  135  127  120  114  109  105  102  100   98   95   92   89   85
   81   77   77   80   83   84   84   81   80   81   83   83   80   75   70   63
   60   57   56   56   56   57   58   60   63
    25.0-180.0 180.0   5.0 450.0                            LAT/LON1/LON2/DLON/H
   67   75   84   90   92   96  101  109  117  126  133  137  139  138  136  134
  135  139  144  149  152  154  154  155  155  154  155  158  162  168  172  175
  177  176  168  156  143  131  119  111  106  102   99   94   90   87   86   83
   78   75   74   75   78   78   77   75   75   79   82   84   81   75   68   61
   58   55   55   55   56   57   58   61   67
    22.5-180.0 180.0   5.0 450.0                            LAT/LON1/LON2/DLON/H
   68   79   89   96   98  100  105  113  122  133  141  147  150  150  147  144
  142  143  145  149  153  156  159  162  165  168  170  175  180  185  190  193
  197  198  191  177  158  139  123  112  105  101   96   90   85   83   83   81
   78   74   73   73   74   74   72   71   72   76   81   83   80   73   66   59
   56   54   54   54   55   56   58   61   68
    20.0-180.0 180.0   5.0 450.0                            LAT/LON1/LON2/DLON/H
   68   80   93  101  104  105  110  118  129  142  150  157  162  162  161  155
  151  148  148  150  155  160  167  174  182  188  194  200  204  206  208  210
  215  217  211  193  170  145  125  111  105  100   93   87   82   81   83   82
   78   74   72   72   72   71   70   68   70   74   78   79   76   70   63   57
   54   52   52   52   52   53   55   59   68
    17.5-180.0 180.0   5.0 450.0                            LAT/LON1/LON2/DLON/H
   65   80   96  105  109  111  117  127  139  151  160  168  173  176  175  169
  162  157  153  155  159  168  179  192  204  215  223  229  230  228  226  225
  227  230  224  205  177  149  126  112  105  100   94   87   82   82   83   83
   79   75   73   71   71   69   68   66   68   71   74   74   70   65   60   55
   52   50   49   48   48   49   51   56   65
    15.0-180.0 180.0   5.0 450.0                            LAT/LON1/LON2/DLON/H
   63   79   97  109  114  118  125  136  149  161  170  177  183  188  188  183
  176  169  164  165  170  181  197  214  230  244  254  259  256  249  241  236
  236  237  230  210  180  151  128  114  108  104   98   92   88   86   86   84
   80   76   73   72   71   69   67   66   67   68   70   68   65   60   56   53
   51   49   46   44   43   44   46   52   63
    12.5-180.0 180.0   5.0 450.0                            LAT/LON1/LON2/DLON/H
   60   78   97  112  119  125  134  146  160  171  178  184  192  199  202  199
  192  186  181  181  187  201  220  240  258  273  282  284  277  264  251  243
  240  239  232  211  183  154  133  120  116  113  108  104   99   96   92   87
   82   78   76   73   72   70   68   67   66   66   65   64   61   58   56   53
   51   47   43   41   38   39   41   48   60
    10.0-180.0 180.0   5.0 450.0                            LAT/LON1/LON2/DLON/H
   58   78   98  115  125  133  143  156  170  180  186  191  199  208  215  214
  211  207  204  205  213  229  250  270  286  296  302  301  290  273  257  247
  243  241  233  214  187  161  143  133  130  127  124  120  115  108  101   93
   86   82   78   77   75   73   71   69   66   65   63   61   60   58   56   55
   52   48   43   38   36   35   38   45   58
     7.5-180.0 180.0   5.0 450.0                            LAT/LON1/LON2/DLON/H
   58   78  101  118  131  140  152  166  179  188  192  196  204  216  225  229
  230  231  232  236  245  263  284  301  310  314  315  309  296  278  261  251
  247  244  237  220  198  175  159  151  147  145  142  138  131  122  111  100
   92   86   83   81   78   76   73   70   67   65   63   62   62   61   60   58
   55   50   44   39   35   34   37   44   58
     5.0-180.0 180.0   5.0 450.0                            LAT/LON1/LON2/DLON/H
   61   82  104  123  137  148  161  174  186  194  198  201  210  223  234  242
  248  254  261  268  279  298  318  330  330  326  321  311  297  279  265  257
  253  252  247  233  215  196  181  173  167  164  160  155  147  135  122  109
  100   94   89   85   82   79   76   73   69   66   65   65   66   66   65   62
   59   53   48   42   39   37   40   47   61
     2.5-180.0 180.0   5.0 450.0                            LAT/LON1/LON2/DLON/H
   67   87  109  128  142  155  169  182  192  199  204  207  215  229  242  253
  263  275  286  297  310  329  347  352  343  331  321  309  295  281  270  266
  265  266  263  252  236  219  205  194  186  180  175  168  159  147  132  119
  110  103   97   92   88   85   81   76   72   69   68   69   71   72   71   68
   63   58   53   48   45   43   46   53   67
