IONEX/igrg3550.16i
     1.0            IONOSPHERE MAPS     MIX                 IONEX VERSION / TYPE
tecrms2ionex_2.awk  GRL/UWM            12/21/16 2012UT      PGM / RUN BY / DATE
Global ionosphere maps for day 355, 2016 (20-12-2016)       DESCRIPTION
IONEX file containing the COMBINED IGS Ionosphere maps      DESCRIPTION
from the combination of the following IAACs:                DESCRIPTION
esrg                                                        DESCRIPTION
jprg                                                        DESCRIPTION
Contact address: Andrzej Krankowski                         DESCRIPTION
                 Geodynamics Research Laboratory            DESCRIPTION
                 University of Warmia and Mazury (GRL/UWM)  DESCRIPTION
                 Oczapowski St. 1                           DESCRIPTION
                 10-957-Olsztyn, POLAND                     DESCRIPTION
                 e-mail:  kand@uwm.edu.pl                   DESCRIPTION
                                                            DESCRIPTION
  2016    12    20     0     0     0                        EPOCH OF FIRST MAP
  2016    12    21     0     0     0                        EPOCH OF LAST MAP
  7200                                                      INTERVAL
    13                                                      # OF MAPS IN FILE
  COSZ                                                      MAPPING FUNCTION
     0.0                                                    ELEVATION CUTOFF
Combined TEC calculated as weighted mean of input TEC valuesOBSERVABLES USED
   286                                                      # OF STATIONS
     0                                                      # OF SATELLITES
  6371.0                                                    BASE RADIUS
     2                                                      MAP DIMENSION
   450.0 450.0   0.0                                        HGT1 / HGT2 / DHGT
    87.5 -87.5  -2.5                                        LAT1 / LAT2 / DLAT
  -180.0 180.0   5.0                                        LON1 / LON2 / DLON
    -1                                                      EXPONENT
TEC values in  0.1 TECUs; 9999 if no value available        COMMENT
DCB values in nanoseconds, reference is Sum_of_SatDCBs = 0  COMMENT
                                                            END OF HEADER
[from data line 1287]
     4                                                      START OF TEC MAP
  2016    12    20     6     0     0                        EPOCH OF CURRENT MAP
    87.5-180.0 180.0   5.0 450.0                            LAT/LON1/LON2/DLON/H
   21   22   22   22   22   22   23   23   23   23   23   23   23   23   23   23
   23   23   24   23   23   23   23   23   23   23   24   24   24   23   24   24
   23   23   23   23   23   22   22   22   22   22   22   21   21   21   21   20
   20   20   20   20   20   19   19   20   20   20   20   19   20   20   20   20
   20   20   21   21   21   21   21   21   21
    85.0-180.0 180.0   5.0 450.0                            LAT/LON1/LON2/DLON/H
   21   22   22   23   22   23   23   23   24   23   23   23   23   23   23   23
   23   23   23   23   23   23   23   24   24   24   24   24   24   24   24   24
   24   24   24   24   24   23   23   23   22   21   21   20   20   19   19   19
   18   18   17   17   17   17   17   17   16   17   17   17   17   17   18   18
   18   18   19   20   20   20   21   21   21
    82.5-180.0 180.0   5.0 450.0                            LAT/LON1/LON2/DLON/H
   21   22   22   22   23   23   23   23   22   23   22   23   22   22   22   22
   22   21   22   21   22   22   23   23   23   23   24   24   24   25   25   25
   26   25   26   25   25   24   23   23   22   20   20   19   18   17   17   16
   16   16   15   15   15   15   16   15   15   15   15   15   15   15   16   16
   16   17   18   18   18   19   20   21   21
    80.0-180.0 180.0   5.0 450.0                            LAT/LON1/LON2/DLON/H
   21   21   21   22   22   22   22   22   22   22   21   21   20   20   20   20
   20   20   20   19   20   21   21   21   22   23   24   25   25   25   26   27
   27   26   27   26   25   24   23   22   21   20   19   17   17   16   16   15
   14   15   15   15   15   16   16   16   16   16   16   16   16   16   16   16
   16   16   17   17   18   19   20   20   21
    77.5-180.0 180.0   5.0 450.0                            LAT/LON1/LON2/DLON/H
   20   21   21   21   21   21   21   21   21   20   20   19   19   19   18   18
   18   18   18   19   19   20   20   21   23   24   25   25   26   27   27   27
   27   27   27   26   25   24   22   21   20   18   17   16   15   15   15   15
   14   15   16   17   18   19   19   20   20   20   20   19   19   19   18   17
   17   17   17   17   18   18   19   20   20
    75.0-180.0 180.0   5.0 450.0                            LAT/LON1/LON2/DLON/H
   20   20   21   21   21   21   21   21   21   20   20   20   19   18   17   17
   17   17   17   18   19   20   21   23   24   25   26   27   27   28   28   28
   27   26   26   25   23   22   21   19   17   17   15   15   15   15   15   15
   16   18   20   22   24   25   27   27   28   27   27   26   24   23   22   21
   19   19   18   18   19   19   19   19   20
    72.5-180.0 180.0   5.0 450.0                            LAT/LON1/LON2/DLON/H
   21   21   21   21   21   21   21   21   22   21   21   20   19   18   17   16
   16   16   17   18   20   22   23   25   26   27   27   28   28   28   27   27
   26   25   23   22   21   19   18   16   15   14   14   14   14   15   15   17
   19   22   26   28   31   34   36   37   37   37   35   34   31   30   28   25
   23   22   21   20   20   20   20   20   21
    70.0-180.0 180.0   5.0 450.0                            LAT/LON1/LON2/DLON/H
   22   22   22   22   22   22   22   22   22   22   23   22   20   19   17   17
   16   17   18   20   21   23   25   27   28   29   29   28   28   26   25   24
   22   21   20   18   16   15   14   13   12   12   13   13   14   15   17   20
   24   28   32   36   40   44   45   46   47   47   45   43   40   37   34   31
   28   26   25   23   23   22   22   22   22
    67.5-180.0 180.0   5.0 450.0                            LAT/LON1/LON2/DLON/H
   25   24   23   23   23   22   22   23   24   25   24   23   22   20   18   18
   17   18   20   21   23   25   27   28   29   30   28   27   25   24   22   20
   19   17   15   14   12   11   10   10   11   11   12   14   16   19   22   26
   31   35   40   45   49   52   54   56   56   56   54   52   49   45   42   38
   35   32   29   27   26   25   25   25   25
    65.0-180.0 180.0   5.0 450.0                            LAT/LON1/LON2/DLON/H
   27   26   25   24   22   22   23   23   24   26   25   25   24   22   20   19
   19   20   21   22   23   25   27   28   29   29   27   24   22   20   17   16
   14   13   12   10    9    8    8    9   10   12   15   17   21   25   29   34
   39   44   49   53   56   59   62   63   64   64   63   60   57   53   49   45
   41   37   34   31   29   28   27   27   27
    62.5-180.0 180.0   5.0 450.0                            LAT/LON1/LON2/DLON/H
   29   28   26   25   23   22   21   22   24   25   26   26   26   24   23   22
   21   22   22   23   24   25   26   27   27   27   24   22   19   16   15   13
   12   11   11    9    8    8    8    9   11   14   19   23   28   33   39   44
   50   54   58   61   63   65   67   69   70   71   70   68   66   62   57   53
   48   44   39   36   34   32   30   30   29
    60.0-180.0 180.0   5.0 450.0                            LAT/LON1/LON2/DLON/H
   31   29   27   25   23   21   20   20   22   24   26   27   27   26   25   24
   24   24   24   24   23   23   24   25   25   24   22   19   16   14   13   13
   12   12   12   11   10    9   10   11   15   19   25   31   38   45   51   57
   61   65   67   69   70   71   72   74   76   77   77   76   74   71   66   61
   56   50   45   41   37   35   33   32   31
    57.5-180.0 180.0   5.0 450.0                            LAT/LON1/LON2/DLON/H
   33   31   29   26   23   20   19   18   20   22   25   26   28   28   27   27
   26   26   26   24   23   23   23   23   23   22   21   19   17   16   15   16
   16   17   17   16   15   14   14   17   21   26   33   41   49   57   63   69
   74   77   78   78   77   77   78   79   81   83   83   83   82   79   75   69
   64   58   52   46   42   38   36   34   33
    55.0-180.0 180.0   5.0 450.0                            LAT/LON1/LON2/DLON/H
   35   33   31   28   24   21   19   18   18   20   23   26   28   29   29   29
   28   28   27   26   24   23   22   23   23   22   22   21   20   20   22   22
   24   24   25   24   23   22   22   25   28   35   42   51   59   68   75   81
   86   89   89   88   86   86   85   86   87   90   91   91   90   88   83   78
   72   65   59   52   47   42   39   36   35
    52.5-180.0 180.0   5.0 450.0                            LAT/LON1/LON2/DLON/H
   38   36   34   31   27   24   21   19   18   20   23   25   28   30   30   30
   30   30   29   28   28   26   26   25   25   25   26   26   27   29   30   32
   33   35   34   33   32   31   32   34   38   44   51   61   70   78   86   92
   96   99  100   99   98   95   94   94   95   96   98   99   98   96   91   87
   80   74   67   59   52   47   42   39   38
    50.0-180.0 180.0   5.0 450.0                            LAT/LON1/LON2/DLON/H
   42   40   38   35   32   29   25   22   21   21   23   26   29   31   31   32
   32   32   33   32   32   31   31   30   31   31   33   35   37   39   40   42
   44   45   44   44   42   41   42   45   49   55   62   71   79   87   94  101
  106  109  110  111  108  106  104  103  102  103  104  105  104  102   98   93
   88   82   75   67   60   54   48   45   42
    47.5-180.0 180.0   5.0 450.0                            LAT/LON1/LON2/DLON/H
   49   47   44   41   38   35   32   28   25   24   25   28   31   32   33   33
   34   35   37   38   39   39   39   40   40   41   42   45   47   49   51   52
   54   54   54   53   52   51   52   55   60   65   72   79   87   94  101  107
  112  117  120  120  119  116  113  111  109  108  109  109  108  106  102   99
   95   89   83   75   68   61   56   52   49
    45.0-180.0 180.0   5.0 450.0                            LAT/LON1/LON2/DLON/H
   56   53   50   48   46   43   39   35   31   29   30   33   35   36   35   35
   37   39   42   45   48   50   51   52   52   53   54   57   59   60   61   61
   62   63   62   61   60   59   61   65   70   75   81   88   94  100  105  111
  116  122  126  128  127  125  121  117  113  111  110  110  109  107  104  102
  100   96   90   83   76   69   64   59   56
    42.5-180.0 180.0   5.0 450.0                            LAT/LON1/LON2/DLON/H
   63   60   57   55   53   50   47   43   38   36   37   39   41   41   39   39
   41   45   49   54   58   62   65   66   66   66   67   69   71   71   70   69
   69   69   68   66   65   66   68   72   78   84   91   96  101  105  109  113
  118  124  128  132  131  129  124  120  115  112  109  108  107  106  104  104
  103  100   96   90   83   77   72   68   63
    40.0-180.0 180.0   5.0 450.0                            LAT/LON1/LON2/DLON/H
   69   65   62   60   58   57   54   50   47   45   45   48   49   48   46   45
   47   52   57   62   69   75   80   81   80   79   79   81   81   79   77   75
   74   73   72   70   69   69   72   77   84   92   99  105  109  111  113  115
  118  123  128  131  131  129  126  121  117  113  109  107  106  105  104  104
  104  103   99   94   88   83   78   73   69
    37.5-180.0 180.0   5.0 450.0                            LAT/LON1/LON2/DLON/H
   72   68   64   62   61   61   59   56   53   52   54   57   58   57   54   54
   56   60   65   72   79   86   92   94   93   90   89   89   89   86   81   78
   76   75   74   71   70   71   74   80   89   98  107  113  116  118  117  117
  118  122  126  129  131  130  128  125  121  116  112  109  108  107  107  107
  107  105  102   97   92   86   81   76   72
    35.0-180.0 180.0   5.0 450.0                            LAT/LON1/LON2/DLON/H
   72   67   64   61   62   61   61   59   58   59   61   66   68   67   65   64
   66   69   74   79   87   95  101  103  101   97   95   94   93   89   84   80
   78   76   73   70   69   70   74   82   93  104  114  120  124  125  123  121
  119  121  125  129  131  133  134  133  129  126  122  118  116  114  113  113
  112  109  105  100   95   89   83   78   72
    32.5-180.0 180.0   5.0 450.0                            LAT/LON1/LON2/DLON/H
   73   66   62   59   59   59   60   59   60   62   66   72   76   76   76   76
   76   78   82   86   92   99  105  107  104  100   97   95   93   89   84   80
   78   75   72   69   67   68   73   82   95  108  120  128  132  133  131  127
  125  125  128  132  137  141  146  148  146  143  140  136  133  130  126  123
  120  115  111  106  100   94   87   80   73
    30.0-180.0 180.0   5.0 450.0                            LAT/LON1/LON2/DLON/H
   75   67   60   57   55   56   56   57   59   62   68   75   81   84   86   86
   86   87   88   89   93   99  104  105  103   98   94   92   89   86   83   79
   76   73   69   66   64   66   72   82   96  111  125  135  140  142  141  137
  134  134  136  142  149  158  165  169  171  169  166  163  158  152  146  139
  132  126  120  115  110  102   94   84   75
    27.5-180.0 180.0   5.0 450.0                            LAT/LON1/LON2/DLON/H
   83   72   62   57   53   52   52   54   56   60   67   75   82   88   91   93
   93   93   92   91   92   95   99  100   98   93   89   87   85   82   79   76
   73   69   66   62   61   63   71   82   97  114  129  141  149  153  154  153
  151  150  152  157  166  178  189  196  198  198  197  193  187  179  170  159
  149  141  134  131  126  117  107   95   83
    25.0-180.0 180.0   5.0 450.0                            LAT/LON1/LON2/DLON/H
   99   84   71   62   56   52   51   52   54   58   63   71   79   87   92   95
   96   96   93   90   88   90   92   94   92   88   84   81   80   78   75   72
   69   66   62   59   58   61   69   83   99  117  133  146  156  164  169  171
  170  170  172  176  187  201  214  222  225  227  226  223  217  206  194  181
  168  158  153  151  147  139  127  113   99
    22.5-180.0 180.0   5.0 450.0                            LAT/LON1/LON2/DLON/H
  120  103   87   74   64   58   55   55   56   57   61   65   73   82   89   92
   94   93   90   85   83   83   85   87   87   84   80   77   76   73   71   68
   65   62   58   55   55   60   70   85  102  120  137  152  165  175  184  190
  192  192  193  196  207  222  237  244  248  250  250  248  242  231  218  203
  189  178  173  174  172  165  152  137  120
    20.0-180.0 180.0   5.0 450.0                            LAT/LON1/LON2/DLON/H
  146  126  107   91   78   69   65   63   62   61   61   62   67   75   82   85
   87   86   84   79   76   77   80   83   84   82   78   74   72   70   67   64
   61   58   56   53   53   60   73   88  107  125  142  158  172  186  199  208
  212  213  213  215  224  239  252  259  262  264  267  265  261  251  238  222
  208  198  195  197  198  191  180  164  146
    17.5-180.0 180.0   5.0 450.0                            LAT/LON1/LON2/DLON/H
  172  151  131  112   97   86   81   78   76   72   66   63   65   72   78   79
   79   78   77   73   71   73   77   81   82   80   77   73   70   67   64   61
   58   56   54   52   53   62   77   94  112  130  147  164  180  196  211  223
  229  230  229  230  237  250  262  268  270  272  275  276  272  264  252  239
  225  217  215  218  220  217  206  191  172
    15.0-180.0 180.0   5.0 450.0                            LAT/LON1/LON2/DLON/H
  197  175  153  133  116  105  100   97   94   88   79   71   68   73   76   76
   74   74   72   69   68   70   76   81   83   80   76   72   69   66   62   59
   57   56   54   52   55   66   82  101  119  136  153  170  188  205  221  234
  241  243  242  241  246  256  266  272  273  276  279  280  277  272  262  251
  240  233  232  236  239  237  229  215  197
    12.5-180.0 180.0   5.0 450.0                            LAT/LON1/LON2/DLON/H
  217  195  172  150  133  122  117  116  113  106   95   83   78   80   81   79
   75   73   71   69   68   72   78   82   83   81   76   72   67   64   61   59
   58   58   57   55   60   72   89  108  125  142  158  176  194  212  228  241
  248  251  250  249  252  259  268  272  275  277  280  281  280  276  270  261
  254  248  246  249  252  252  247  235  217
    10.0-180.0 180.0   5.0 450.0                            LAT/LON1/LON2/DLON/H
  233  211  186  163  145  134  131  131  130  123  111   97   92   92   92   89
   84   79   77   75   74   77   80   84   84   80   75   69   65   62   61   61
   61   62   61   59   64   77   96  115  131  146  162  181  199  217  232  244
  252  256  255  253  255  261  268  273  277  280  281  281  280  279  276  271
  265  260  258  259  262  264  261  251  233
     7.5-180.0 180.0   5.0 450.0                            LAT/LON1/LON2/DLON/H
  245  221  196  172  152  141  138  139  140  135  123  110  104  106  106  102
   96   91   88   86   85   85   86   86   83   78   72   67   63   60   61   62
   65   66   65   64   69   84  102  120  134  149  164  183  202  219  233  244
  252  257  257  255  256  260  267  275  280  285  285  283  281  281  282  281
  275  269  266  266  269  272  271  261  245
     5.0-180.0 180.0   5.0 450.0                            LAT/LON1/LON2/DLON/H
  253  230  203  177  156  143  139  140  141  137  127  117  114  117  119  117
  111  105  101  100   98   96   93   89   83   76   70   64   60   59   61   64
   68   70   68   68   74   89  106  122  136  149  164  182  201  218  231  241
  250  255  257  256  257  260  267  277  287  292  292  288  285  285  289  290
  284  276  273  273  275  278  278  270  253
     2.5-180.0 180.0   5.0 450.0                            LAT/LON1/LON2/DLON/H
  260  237  210  182  159  143  136  135  136  133  125  117  117  122  127  128
  124  119  115  113  110  106   99   91   83   76   68   63   59   59   62   65
   69   71   70   70   78   92  108  123  134  146  161  179  198  214  227  237
  245  253  256  256  256  259  267  280  294  301  301  295  290  292  298  300
  293  283  278  277  279  283  283  276  260
