IONEX/igrg3650.15i
     1.0            IONOSPHERE MAPS     MIX                 IONEX VERSION / TYPE
tecrms2ionex_2.awk  GRL/UWM            01/01/16 2301UT      PGM / RUN BY / DATE
Global ionosphere maps for day 365, 2015 (31-12-2015)       DESCRIPTION
IONEX file containing the COMBINED IGS Ionosphere maps      DESCRIPTION
from the combination of the following IAACs:                DESCRIPTION
esrg                                                        DESCRIPTION
jprg                                                        DESCRIPTION
Contact address: Andrzej Krankowski                         DESCRIPTION
                 Geodynamics Research Laboratory            DESCRIPTION
                 University of Warmia and Mazury (GRL/UWM)  DESCRIPTION
                 Oczapowski St. 1                           DESCRIPTION
                 10-957-Olsztyn, POLAND                     DESCRIPTION
                 e-mail:  kand@uwm.edu.pl                   DESCRIPTION
                                                            DESCRIPTION
  2015    12    31     0     0     0                        EPOCH OF FIRST MAP
  2016     1     1     0     0     0                        EPOCH OF LAST MAP
  7200                                                      INTERVAL
    13                                                      # OF MAPS IN FILE
  COSZ                                                      MAPPING FUNCTION
     0.0                                                    ELEVATION CUTOFF
Combined TEC calculated as weighted mean of input TEC valuesOBSERVABLES USED
   262                                                      # OF STATIONS
    31                                                      # OF SATELLITES
  6371.0                                                    BASE RADIUS
     2                                                      MAP DIMENSION
   450.0 450.0   0.0                                        HGT1 / HGT2 / DHGT
    87.5 -87.5  -2.5                                        LAT1 / LAT2 / DLAT
  -180.0 180.0   5.0                                        LON1 / LON2 / DLON
    -1                                                      EXPONENT
TEC values in  0.1 TECUs; 9999 if no value available        COMMENT
DCB values in nanoseconds, reference is Sum_of_SatDCBs = 0  COMMENT
                                                            END OF HEADER
[from data line 2145]
     6                                                      START OF TEC MAP
  2015    12    31    10     0     0                        EPOCH OF CURRENT MAP
    87.5-180.0 180.0   5.0 450.0                            LAT/LON1/LON2/DLON/H
   73   73   72   72   71   71   71   70   70   70   69   69   68   68   68   68
   68   67   67   67   67   67   66   66   66   66   66   67   67   67   67   67
   67   67   67   67   68   68   68   68   69   69   69   69   70   70   70   70
   70   71   71   71   72   72   72   73   73   73   73   73   74   74   74   74
   74   74   74   74   74   73   74   73   73
    85.0-180.0 180.0   5.0 450.0                            LAT/LON1/LON2/DLON/H
   75   74   73   72   72   71   70   69   68   67   66   66   65   64   63   63
   62   62   62   61   61   61   61   61   61   62   62   62   63   63   64   64
   65   65   65   65   66   66   66   67   68   67   68   68   68   69   69   69
   69   70   70   71   72   72   73   73   74   75   76   76   77   77   77   77
   77   77   77   77   76   76   76   75   75
    82.5-180.0 180.0   5.0 450.0                            LAT/LON1/LON2/DLON/H
   76   75   74   73   72   71   69   68   66   64   63   61   60   59   57   56
   55   55   54   54   54   54   54   55   56   57   58   59   60   61   62   62
   63   64   65   66   67   67   68   68   68   68   68   68   68   68   68   68
   68   69   69   70   71   72   73   74   75   76   77   78   78   79   80   80
   80   80   80   80   79   78   78   77   76
    80.0-180.0 180.0   5.0 450.0                            LAT/LON1/LON2/DLON/H
   77   76   75   74   72   71   69   67   65   63   60   58   55   53   51   49
   48   47   46   46   46   47   48   49   51   52   54   56   58   60   62   63
   65   66   67   69   70   71   71   71   72   72   72   71   71   71   70   70
   69   69   70   71   71   72   73   74   75   76   77   79   80   81   82   82
   83   83   83   82   82   81   80   78   77
    77.5-180.0 180.0   5.0 450.0                            LAT/LON1/LON2/DLON/H
   79   78   77   76   74   72   70   67   64   61   58   54   51   48   44   42
   39   38   38   38   38   40   42   44   47   49   52   54   57   59   61   63
   66   68   70   72   74   76   77   78   79   79   79   78   77   76   75   74
   73   72   71   71   71   71   72   73   74   75   76   77   79   81   82   84
   84   84   85   84   84   83   81   80   79
    75.0-180.0 180.0   5.0 450.0                            LAT/LON1/LON2/DLON/H
   80   79   78   77   75   73   71   68   65   62   57   52   48   44   40   36
   34   33   32   32   34   36   39   42   45   48   51   54   56   59   61   64
   67   70   73   76   79   82   85   87   88   88   88   88   87   86   84   82
   79   77   75   74   72   71   71   71   71   72   73   75   76   78   81   82
   84   85   85   85   84   83   82   81   80
    72.5-180.0 180.0   5.0 450.0                            LAT/LON1/LON2/DLON/H
   79   79   79   78   77   75   73   71   68   63   59   54   49   44   39   35
   32   30   29   30   32   35   39   42   46   50   53   55   57   58   60   63
   66   70   75   80   85   90   94   97  100  101  102  102  101   99   96   92
   89   85   81   78   75   72   70   69   67   68   68   70   72   74   77   79
   81   82   83   83   82   81   81   80   79
    70.0-180.0 180.0   5.0 450.0                            LAT/LON1/LON2/DLON/H
   77   78   78   77   78   77   75   73   70   67   63   58   53   48   43   39
   35   34   33   33   35   38   42   46   49   53   55   56   57   57   57   60
   63   68   75   82   90   96  103  108  113  116  118  119  117  114  110  105
  100   95   89   84   79   75   71   67   65   63   62   63   65   67   70   73
   76   77   78   78   78   78   77   77   77
    67.5-180.0 180.0   5.0 450.0                            LAT/LON1/LON2/DLON/H
   73   74   76   76   76   76   76   75   73   71   67   64   60   55   51   47
   44   42   41   41   42   44   47   50   54   56   57   57   56   54   54   55
   59   65   74   83   93  102  111  120  127  132  135  136  135  131  126  120
  113  106   99   92   85   79   73   68   63   60   58   57   57   60   62   65
   68   70   71   71   72   72   72   73   73
    65.0-180.0 180.0   5.0 450.0                            LAT/LON1/LON2/DLON/H
   69   70   72   73   74   74   74   74   73   72   70   69   66   64   61   58
   56   54   53   52   51   52   54   56   57   58   57   56   53   51   49   51
   56   63   73   84   97  108  119  130  139  146  151  153  152  148  142  135
  127  118  109  101   93   85   78   72   65   60   56   53   52   52   53   56
   58   60   61   62   63   65   66   67   69
    62.5-180.0 180.0   5.0 450.0                            LAT/LON1/LON2/DLON/H
   64   66   68   69   70   70   71   70   70   70   70   71   71   71   70   69
   68   67   64   62   60   60   59   60   59   58   56   53   50   47   47   50
   56   65   76   89  102  114  127  138  149  158  164  167  167  164  158  150
  140  130  120  110  102   94   86   78   71   64   58   53   50   47   46   47
   48   49   51   53   55   57   59   61   64
    60.0-180.0 180.0   5.0 450.0                            LAT/LON1/LON2/DLON/H
   60   62   64   66   66   65   65   65   64   65   66   68   71   74   76   77
   77   76   74   71   68   65   63   61   58   55   51   48   46   46   48   53
   61   72   84   96  109  121  133  145  156  166  173  178  179  178  172  164
  153  142  131  121  112  104   96   88   79   71   64   57   51   46   43   41
   41   41   43   45   48   51   54   57   60
    57.5-180.0 180.0   5.0 450.0                            LAT/LON1/LON2/DLON/H
   57   60   62   63   62   61   59   58   57   57   59   63   67   72   75   79
   80   80   78   74   70   66   62   58   54   50   46   43   43   46   53   62
   73   84   96  107  118  129  140  150  161  171  179  185  188  188  185  177
  166  153  142  131  122  115  107   99   91   83   74   65   57   51   45   41
   38   37   38   40   43   47   51   54   57
    55.0-180.0 180.0   5.0 450.0                            LAT/LON1/LON2/DLON/H
   57   60   61   61   60   58   55   52   50   50   52   56   61   66   70   74
   77   77   75   72   68   63   59   54   49   45   41   40   43   50   61   74
   87   99  110  120  129  138  146  155  164  173  181  188  194  197  195  188
  178  165  152  142  132  125  118  111  104   96   87   78   69   60   53   47
   42   39   38   40   42   46   50   54   57
    52.5-180.0 180.0   5.0 450.0                            LAT/LON1/LON2/DLON/H
   59   60   61   61   59   56   53   49   47   46   47   50   54   58   62   66
   69   70   68   66   62   57   53   48   44   40   37   39   44   55   71   87
  102  115  125  133  141  147  153  159  166  174  182  190  197  202  202  197
  187  174  162  151  142  134  127  121  115  109  101   92   83   74   66   58
   51   47   45   45   47   50   53   56   59
    50.0-180.0 180.0   5.0 450.0                            LAT/LON1/LON2/DLON/H
   62   63   62   61   60   57   54   51   48   47   47   48   50   52   54   57
   60   61   60   58   55   51   48   43   40   37   37   40   49   64   82  101
  116  128  137  145  151  156  160  164  170  176  183  190  198  204  207  203
  194  182  169  158  149  140  134  128  123  118  112  105   97   88   80   72
   64   58   55   55   56   57   59   61   62
    47.5-180.0 180.0   5.0 450.0                            LAT/LON1/LON2/DLON/H
   66   65   65   64   62   60   57   55   54   54   53   51   49   49   50   51
   53   53   53   52   50   48   45   42   39   38   40   46   57   74   93  111
  125  136  145  152  159  165  169  172  175  179  184  191  198  205  209  206
  199  188  175  164  154  145  138  131  126  122  117  111  105   98   91   83
   76   70   67   65   66   66   66   66   66
    45.0-180.0 180.0   5.0 450.0                            LAT/LON1/LON2/DLON/H
   69   67   67   66   65   64   62   62   63   63   61   58   54   51   49   50
   51   52   53   52   51   49   47   44   42   43   47   55   68   84  102  118
  131  140  149  157  166  173  177  180  182  184  187  192  199  204  208  208
  201  192  181  170  159  149  139  131  124  119  115  110  106  102   97   90
   84   79   76   74   73   73   71   70   69
    42.5-180.0 180.0   5.0 450.0                            LAT/LON1/LON2/DLON/H
   70   69   69   69   68   68   68   70   72   74   73   70   64   59   55   55
   56   57   58   59   58   56   53   50   50   51   57   67   81   96  111  124
  134  141  149  159  170  180  186  189  190  191  192  195  199  204  207  207
  203  195  187  176  166  154  141  130  120  112  106  103  100   98   95   90
   85   81   79   78   78   77   74   72   70
    40.0-180.0 180.0   5.0 450.0                            LAT/LON1/LON2/DLON/H
   69   68   68   70   71   71   73   76   80   84   85   82   76   69   66   64
   65   67   70   71   71   68   64   61   59   62   68   80   94  108  120  129
  135  140  148  159  172  185  194  198  199  199  199  199  201  204  207  208
  205  201  195  187  177  164  149  133  119  109  101   96   94   93   90   86
   82   79   77   77   77   75   73   70   69
    37.5-180.0 180.0   5.0 450.0                            LAT/LON1/LON2/DLON/H
   64   65   66   68   70   71   74   78   85   91   95   95   90   84   79   77
   78   81   84   86   85   82   77   73   70   73   80   92  107  120  129  135
  138  140  146  158  173  189  200  206  207  208  207  206  206  208  209  211
  212  213  211  207  198  186  169  151  133  117  106   98   93   91   88   83
   79   75   74   74   74   71   68   66   64
    35.0-180.0 180.0   5.0 450.0                            LAT/LON1/LON2/DLON/H
   58   59   62   64   67   69   73   77   85   94  101  106  104   99   94   91
   91   94   97  100  100   96   90   84   82   83   91  103  118  131  139  142
  142  142  147  158  174  191  204  212  216  218  218  217  215  216  218  222
  227  232  236  237  232  222  206  187  166  147  130  116  107  100   94   87
   81   77   76   74   72   68   63   60   58
    32.5-180.0 180.0   5.0 450.0                            LAT/LON1/LON2/DLON/H
   53   53   55   58   59   62   66   73   81   92  104  112  114  111  106  103
  102  104  108  111  111  107  100   95   91   92   99  111  126  140  149  151
  150  148  150  160  176  193  207  217  224  229  231  231  231  232  236  243
  253  264  274  281  282  276  264  245  224  203  180  158  139  125  114  104
   95   90   87   84   78   71   63   56   53
    30.0-180.0 180.0   5.0 450.0                            LAT/LON1/LON2/DLON/H
   53   49   50   51   51   53   58   64   74   86  101  113  119  119  115  110
  109  111  114  117  117  114  109  103  100  100  106  117  133  148  159  162
  160  156  157  165  179  195  210  221  232  242  248  252  254  257  264  276
  292  308  324  337  345  345  337  323  303  279  251  219  189  167  149  136
  124  117  112  105   96   84   71   59   53
    27.5-180.0 180.0   5.0 450.0                            LAT/LON1/LON2/DLON/H
   59   52   47   45   43   44   48   54   64   78   94  108  117  119  117  112
  110  112  115  119  119  117  113  109  106  106  111  122  138  155  169  174
  172  168  167  173  186  200  213  226  241  256  268  277  284  292  304  322
  344  364  382  398  410  416  414  404  386  362  328  287  248  216  194  177
  165  157  150  141  128  111   91   73   59
    25.0-180.0 180.0   5.0 450.0                            LAT/LON1/LON2/DLON/H
   74   60   51   45   40   39   42   47   55   68   84   99  109  113  112  109
  106  108  112  116  119  118  116  112  111  111  115  125  141  160  176  184
  185  181  180  186  196  207  220  234  252  272  291  307  320  333  350  374
  400  420  436  453  468  477  478  472  458  434  398  352  304  267  240  222
  210  201  194  184  168  146  121   95   74
    22.5-180.0 180.0   5.0 450.0                            LAT/LON1/LON2/DLON/H
   95   76   62   51   43   40   41   45   51   61   74   88   97  101  101   98
   97  100  106  111  114  115  115  114  113  114  118  128  144  164  182  193
  197  195  196  201  210  220  230  244  265  290  315  338  358  377  397  424
  449  467  478  491  505  515  518  514  503  482  446  398  349  308  279  262
  251  244  236  225  208  185  155  123   95
    20.0-180.0 180.0   5.0 450.0                            LAT/LON1/LON2/DLON/H
  118   94   77   64   55   50   48   49   54   60   69   78   85   88   87   85
   85   90   97  104  109  111  113  113  115  116  121  130  145  166  186  201
  208  210  213  219  228  237  246  259  280  308  338  368  393  415  436  462
  484  494  498  503  512  520  523  521  513  494  463  420  373  333  304  289
  282  276  267  257  240  217  185  150  118
    17.5-180.0 180.0   5.0 450.0                            LAT/LON1/LON2/DLON/H
  137  113   95   82   72   66   63   63   64   65   69   74   78   77   75   72
   74   80   89   97  102  106  108  110  114  118  122  131  146  167  188  207
  218  225  232  241  251  259  266  278  297  326  358  392  420  442  462  482
  496  496  491  488  492  496  498  497  492  478  453  419  378  341  314  302
  297  291  282  269  255  235  206  170  137
    15.0-180.0 180.0   5.0 450.0                            LAT/LON1/LON2/DLON/H
  149  127  111   99   90   84   81   80   79   78   77   78   77   72   67   64
   66   73   82   90   96  101  103  107  111  118  124  133  147  166  190  211
  228  240  252  265  276  284  288  297  314  340  372  406  434  454  469  481
  485  477  466  457  456  456  457  456  454  445  428  402  369  335  311  300
  297  291  278  265  251  234  209  178  149
    12.5-180.0 180.0   5.0 450.0                            LAT/LON1/LON2/DLON/H
  150  132  120  111  105  101  100   98   96   92   90   87   82   75   67   62
   63   70   78   85   92   95   98  103  109  116  125  135  148  168  192  217
  239  257  274  288  301  308  311  316  329  351  379  409  435  452  462  466
  462  449  433  422  418  415  414  412  410  407  397  379  353  322  298  287
  283  275  261  245  232  218  198  174  150
    10.0-180.0 180.0   5.0 450.0                            LAT/LON1/LON2/DLON/H
  143  130  122  117  113  112  112  112  109  105  101   97   91   82   73   67
   66   72   78   84   89   92   94   99  105  115  126  137  152  172  197  224
  251  274  294  310  323  329  329  331  340  357  380  405  426  441  447  446
  437  421  406  396  392  389  385  381  378  377  372  359  337  307  281  267
  262  251  234  218  205  193  178  160  143
     7.5-180.0 180.0   5.0 450.0                            LAT/LON1/LON2/DLON/H
  131  122  117  114  112  113  115  116  115  112  109  105   99   91   81   75
   73   77   81   85   88   90   92   95  102  114  127  142  158  178  204  233
  263  289  311  328  339  343  341  341  347  360  378  398  414  427  432  430
  419  407  397  391  389  386  378  369  363  364  362  351  328  297  268  249
  237  224  208  192  180  169  157  143  131
     5.0-180.0 180.0   5.0 450.0                            LAT/LON1/LON2/DLON/H
  118  113  109  107  106  107  110  112  112  110  108  106  103   96   88   82
   81   83   85   87   88   89   90   92   99  113  130  147  165  187  214  245
  275  303  323  339  347  349  347  346  350  361  376  391  404  415  423  423
  419  413  409  408  409  407  395  379  369  370  368  356  332  299  264  238
  220  205  190  176  165  154  141  128  118
     2.5-180.0 180.0   5.0 450.0                            LAT/LON1/LON2/DLON/H
  111  106  101   98   96   96   98  100  101  100   99   99   99   95   90   86
   86   87   89   88   88   88   88   90   98  114  133  153  173  197  224  255
  286  311  330  343  349  350  348  348  354  364  376  388  400  411  422  428
  432  434  437  442  447  447  432  409  395  394  392  378  350  314  275  241
  215  198  186  176  166  153  137  121  111
