IONEX/igrg3550.16i
     1.0            IONOSPHERE MAPS     MIX                 IONEX VERSION / TYPE
tecrms2ionex_2.awk  GRL/UWM            12/21/16 2012UT      PGM / RUN BY / DATE
Global ionosphere maps for day 355, 2016 (20-12-2016)       DESCRIPTION
IONEX file containing the COMBINED IGS Ionosphere maps      DESCRIPTION
from the combination of the following IAACs:                DESCRIPTION
esrg                                                        DESCRIPTION
jprg                                                        DESCRIPTION
Contact address: Andrzej Krankowski                         DESCRIPTION
                 Geodynamics Research Laboratory            DESCRIPTION
                 University of Warmia and Mazury (GRL/UWM)  DESCRIPTION
                 Oczapowski St. 1                           DESCRIPTION
                 10-957-Olsztyn, POLAND                     DESCRIPTION
                 e-mail:  kand@uwm.edu.pl                   DESCRIPTION
                                                            DESCRIPTION
  2016    12    20     0     0     0                        EPOCH OF FIRST MAP
  2016    12    21     0     0     0                        EPOCH OF LAST MAP
  7200                                                      INTERVAL
    13                                                      # OF MAPS IN FILE
  COSZ                                                      MAPPING FUNCTION
     0.0                                                    ELEVATION CUTOFF
Combined TEC calculated as weighted mean of input TEC valuesOBSERVABLES USED
   286                                                      # OF STATIONS
     0                                                      # OF SATELLITES
  6371.0                                                    BASE RADIUS
     2                                                      MAP DIMENSION
   450.0 450.0   0.0                                        HGT1 / HGT2 / DHGT
    87.5 -87.5  -2.5                                        LAT1 / LAT2 / DLAT
  -180.0 180.0   5.0                                        LON1 / LON2 / DLON
    -1                                                      EXPONENT
TEC values in  0.1 TECUs; 9999 if no value available        COMMENT
DCB values in nanoseconds, reference is Sum_of_SatDCBs = 0  COMMENT
                                                            END OF HEADER
[from data line 3861]
    10                                                      START OF TEC MAP
  2016    12    20    18     0     0                        EPOCH OF CURRENT MAP
    87.5-180.0 180.0   5.0 450.0                            LAT/LON1/LON2/DLON/H
   27   27   27   27   27   27   27   27   27   27   27   26   26   26   26   25
   25   24   24   24   24   24   23   23   23   22   22   21   21   21   21   21
   20   20   20   20   20   20   20   20   20   20   20   20   20   20   20   21
   21   21   22   22   22   22   23   23   23   23   24   24   24   25   25   25
   26   26   26   26   26   26   27   27   27
    85.0-180.0 180.0   5.0 450.0                            LAT/LON1/LON2/DLON/H
   31   31   32   32   31   31   31   31   31   31   30   30   30   29   29   29
   28   28   27   26   26   25   25   24   24   23   22   21   21   21   20   20
   20   19   19   19   19   18   18   18   18   18   19   19   19   20   20   20
   21   22   22   23   23   23   24   24   25   26   26   27   27   28   28   29
   29   30   30   30   31   31   31   31   31
    82.5-180.0 180.0   5.0 450.0                            LAT/LON1/LON2/DLON/H
   36   36   35   35   35   36   35   35   35   34   34   34   34   34   33   32
   31   31   30   30   29   28   28   27   26   25   24   24   23   22   22   21
   20   20   19   19   18   18   18   18   17   18   18   19   19   19   20   21
   22   23   24   25   26   26   27   27   28   29   29   30   31   31   32   33
   33   33   34   34   34   35   35   36   36
    80.0-180.0 180.0   5.0 450.0                            LAT/LON1/LON2/DLON/H
   39   39   39   39   39   39   39   38   38   38   38   38   38   37   37   37
   36   35   34   33   33   31   30   29   28   27   27   26   25   25   24   23
   22   21   21   20   19   18   18   17   17   18   18   18   19   20   21   22
   23   24   26   27   28   29   30   31   32   32   33   33   34   34   34   35
   35   35   36   36   37   37   38   38   39
    77.5-180.0 180.0   5.0 450.0                            LAT/LON1/LON2/DLON/H
   41   41   41   41   40   40   39   39   40   40   40   40   40   41   41   40
   40   39   39   38   36   35   33   32   31   30   30   29   28   27   26   26
   25   24   22   21   21   19   18   17   17   17   17   18   19   20   22   23
   24   26   28   29   30   32   33   34   34   35   35   35   35   35   35   35
   35   36   36   37   38   38   39   40   41
    75.0-180.0 180.0   5.0 450.0                            LAT/LON1/LON2/DLON/H
   41   41   41   41   40   40   39   39   39   40   40   41   42   43   44   45
   44   44   43   42   41   39   38   36   35   34   33   32   31   30   30   29
   28   26   25   23   21   20   18   17   17   16   17   17   18   20   22   23
   25   26   28   30   32   33   34   35   36   36   36   35   35   34   33   33
   33   33   34   35   36   38   39   40   41
    72.5-180.0 180.0   5.0 450.0                            LAT/LON1/LON2/DLON/H
   39   40   40   39   38   38   37   36   37   38   40   42   44   46   47   48
   48   48   48   47   46   44   43   40   39   38   37   35   34   34   33   32
   30   28   27   24   22   19   17   16   15   16   16   17   17   19   20   22
   24   26   27   29   31   32   34   35   36   35   36   35   34   32   31   30
   29   29   30   32   33   35   37   38   39
    70.0-180.0 180.0   5.0 450.0                            LAT/LON1/LON2/DLON/H
   37   38   37   37   36   34   34   34   35   36   39   42   45   47   50   51
   53   54   53   53   52   50   47   46   44   42   40   39   37   36   35   33
   32   30   28   25   22   19   16   14   14   15   15   16   16   17   19   21
   22   24   25   27   28   30   32   33   34   34   34   34   32   30   28   27
   26   26   26   27   29   31   34   36   37
    67.5-180.0 180.0   5.0 450.0                            LAT/LON1/LON2/DLON/H
   35   35   35   34   32   31   31   31   33   35   39   42   46   49   52   55
   57   58   59   59   58   56   54   51   49   46   43   41   39   37   36   34
   33   30   28   25   22   18   14   13   13   13   13   14   15   16   18   20
   21   22   23   25   26   27   29   30   32   33   33   32   31   29   27   25
   24   23   23   24   26   28   30   33   35
    65.0-180.0 180.0   5.0 450.0                            LAT/LON1/LON2/DLON/H
   32   33   32   31   29   28   28   29   32   35   39   44   47   51   55   58
   61   63   65   65   65   63   60   57   54   50   47   43   41   38   36   35
   33   31   28   24   21   16   13   12   12   12   12   13   14   17   19   21
   22   22   23   24   25   26   27   28   30   31   32   32   31   29   28   26
   24   23   22   23   25   27   29   31   32
    62.5-180.0 180.0   5.0 450.0                            LAT/LON1/LON2/DLON/H
   32   32   31   29   28   27   27   30   33   38   42   46   51   54   58   61
   64   67   70   71   71   69   66   63   59   55   50   46   43   39   37   35
   33   31   28   25   20   16   13   12   12   12   13   15   18   20   23   24
   24   25   25   25   25   26   27   28   29   31   32   32   33   32   30   29
   27   26   25   25   26   28   29   31   32
    60.0-180.0 180.0   5.0 450.0                            LAT/LON1/LON2/DLON/H
   34   33   31   29   27   27   28   32   37   42   47   51   55   59   62   65
   68   71   74   76   76   75   71   68   63   59   54   49   45   42   39   37
   35   33   30   27   23   18   16   14   14   15   18   22   25   27   28   30
   30   30   29   29   29   29   29   30   32   33   34   36   36   36   35   34
   33   31   30   29   30   30   32   33   34
    57.5-180.0 180.0   5.0 450.0                            LAT/LON1/LON2/DLON/H
   36   35   33   31   30   31   33   37   43   48   54   58   61   64   66   69
   72   75   78   80   79   79   76   72   68   64   59   54   49   46   43   41
   40   37   33   30   27   23   21   21   22   24   27   31   34   37   38   38
   38   38   38   38   37   36   36   36   37   37   38   39   40   41   41   41
   39   38   36   35   35   35   36   36   36
    55.0-180.0 180.0   5.0 450.0                            LAT/LON1/LON2/DLON/H
   40   38   36   35   35   36   39   44   50   56   61   65   67   70   72   74
   76   78   81   82   82   81   80   77   73   69   65   60   56   53   50   48
   45   42   39   36   32   30   29   30   32   36   40   43   46   48   49   49
   49   49   49   48   48   47   46   45   44   45   45   45   46   47   47   47
   46   45   42   41   40   41   41   41   40
    52.5-180.0 180.0   5.0 450.0                            LAT/LON1/LON2/DLON/H
   44   42   40   40   41   44   47   52   58   64   68   72   74   76   78   79
   80   82   83   84   85   84   82   80   78   75   72   68   65   61   59   55
   52   49   45   42   40   39   40   42   45   49   53   56   58   60   60   61
   61   61   61   61   60   59   58   56   54   52   51   51   51   51   52   52
   51   50   48   46   46   45   46   46   44
    50.0-180.0 180.0   5.0 450.0                            LAT/LON1/LON2/DLON/H
   48   46   45   46   48   52   57   61   66   70   75   78   81   83   84   85
   85   86   87   87   86   86   85   84   84   83   80   77   75   71   68   64
   60   55   52   49   48   48   50   53   58   62   66   69   71   72   72   72
   73   73   73   73   72   72   70   68   65   61   59   57   55   55   56   56
   55   54   51   50   50   50   50   50   48
    47.5-180.0 180.0   5.0 450.0                            LAT/LON1/LON2/DLON/H
   50   48   48   50   54   60   65   69   73   77   81   84   87   89   91   91
   91   91   91   91   90   90   90   90   90   91   90   88   85   81   77   72
   66   61   58   55   55   56   59   63   68   73   77   80   81   82   82   83
   84   83   83   83   82   81   80   77   73   68   65   62   60   58   58   58
   57   56   54   53   52   53   53   52   50
    45.0-180.0 180.0   5.0 450.0                            LAT/LON1/LON2/DLON/H
   51   49   50   53   60   66   72   76   80   83   86   90   94   96   97   97
   97   97   98   97   97   96   96   96   97   99   99   98   94   90   85   78
   71   66   63   61   60   62   66   71   76   81   85   87   89   89   90   91
   91   90   89   88   87   87   86   82   78   73   69   66   63   61   60   59
   58   57   55   54   54   54   55   54   51
    42.5-180.0 180.0   5.0 450.0                            LAT/LON1/LON2/DLON/H
   52   50   51   56   64   72   79   83   85   88   91   95   99  103  104  104
  105  105  107  107  106  105  103  104  106  107  107  105  103   98   90   83
   75   70   67   65   65   67   71   76   81   85   90   93   94   95   96   96
   95   93   91   89   89   88   87   84   79   76   72   69   67   63   61   59
   59   57   55   54   53   55   56   54   52
    40.0-180.0 180.0   5.0 450.0                            LAT/LON1/LON2/DLON/H
   52   50   52   58   67   76   85   88   90   92   95   99  104  109  111  112
  112  114  117  117  116  114  113  113  113  114  114  111  108  103   96   87
   81   75   72   70   70   72   75   79   84   88   92   95   98   99   99   99
   96   92   88   86   87   87   87   83   78   75   74   72   69   66   62   61
   59   57   55   53   54   55   56   55   52
    37.5-180.0 180.0   5.0 450.0                            LAT/LON1/LON2/DLON/H
   52   51   53   60   70   81   90   94   94   95   99  103  109  113  116  118
  120  123  127  128  127  123  121  120  120  119  119  116  112  106  100   93
   87   83   80   77   76   77   80   82   86   90   94   97   99  100  101   99
   96   91   85   84   85   87   85   81   76   73   73   74   72   68   64   61
   59   57   55   53   53   55   56   55   52
    35.0-180.0 180.0   5.0 450.0                            LAT/LON1/LON2/DLON/H
   53   53   56   64   75   86   95   99   98  100  102  107  112  117  120  123
  126  131  135  137  135  131  127  125  125  124  122  118  114  109  104  100
   98   95   91   86   85   84   85   86   87   91   95   98  100  101  102  101
   96   90   84   83   85   87   85   79   74   71   73   75   74   70   65   62
   59   57   55   53   53   55   55   55   53
    32.5-180.0 180.0   5.0 450.0                            LAT/LON1/LON2/DLON/H
   55   55   61   69   80   92  100  103  103  103  106  110  115  119  123  126
  131  137  142  142  140  135  130  128  127  126  124  121  117  113  110  110
  111  111  107  101   97   94   92   91   91   92   95   99  100  101  103  103
  100   93   87   86   89   92   89   81   73   70   72   75   76   72   67   63
   60   58   55   53   54   55   56   55   55
    30.0-180.0 180.0   5.0 450.0                            LAT/LON1/LON2/DLON/H
   56   59   66   75   86   97  105  108  109  109  111  114  117  120  125  129
  135  141  145  145  141  135  130  128  128  129  128  126  122  119  120  123
  130  132  128  119  112  106  101   96   94   95   97   99  100  102  105  108
  106  100   95   95   98  101   96   85   74   69   72   76   76   73   67   63
   61   58   56   54   55   56   57   56   56
    27.5-180.0 180.0   5.0 450.0                            LAT/LON1/LON2/DLON/H
   59   64   72   82   93  102  110  113  115  116  118  118  120  123  127  131
  137  142  146  145  139  133  128  127  129  132  134  132  130  130  133  141
  150  155  151  141  130  120  111  103   99   98   98   99  100  103  108  114
  115  111  106  106  110  111  104   89   76   68   71   75   76   73   67   63
   61   60   58   56   57   58   58   58   59
    25.0-180.0 180.0   5.0 450.0                            LAT/LON1/LON2/DLON/H
   62   68   78   89  100  108  115  120  123  125  126  126  125  126  129  134
  138  142  145  142  136  131  128  128  134  141  144  145  144  145  150  161
  173  180  176  164  148  133  120  110  103  100   99   99  100  104  113  122
  125  123  118  118  120  121  112   94   77   68   69   74   75   72   66   62
   61   61   59   59   59   60   60   60   62
    22.5-180.0 180.0   5.0 450.0                            LAT/LON1/LON2/DLON/H
   64   72   83   96  106  114  121  128  133  136  137  136  134  133  134  135
  138  141  142  139  134  130  130  135  144  154  162  165  165  166  172  183
  196  203  199  183  164  145  129  115  107  103  101   99   99  104  115  128
  135  133  128  126  127  126  116   96   77   66   66   71   73   70   64   61
   60   61   60   60   60   61   62   61   64
    20.0-180.0 180.0   5.0 450.0                            LAT/LON1/LON2/DLON/H
   66   74   88  101  112  120  129  137  144  149  150  148  145  142  140  139
  139  139  139  136  133  132  138  148  161  174  185  191  192  192  196  205
  216  222  216  197  175  153  134  119  110  105  102  100   99  104  117  131
  140  139  133  128  128  125  114   94   74   63   63   68   71   67   61   59
   59   60   60   60   62   62   62   62   66
    17.5-180.0 180.0   5.0 450.0                            LAT/LON1/LON2/DLON/H
   66   76   91  105  117  127  137  148  158  164  166  163  159  155  150  146
  142  139  137  136  135  140  151  167  183  199  211  219  219  217  219  225
  232  234  225  205  180  158  138  123  114  109  105  102  100  104  117  131
  141  140  131  123  121  118  107   88   69   59   60   66   67   64   59   56
   58   59   59   59   61   62   62   63   66
    15.0-180.0 180.0   5.0 450.0                            LAT/LON1/LON2/DLON/H
   66   78   94  110  122  134  146  160  171  179  182  180  175  170  163  156
  148  143  140  139  142  152  170  190  207  224  237  245  244  240  238  239
  241  238  227  206  182  160  142  128  119  114  110  106  103  106  115  130
  139  136  125  114  109  106   96   80   64   57   59   64   65   61   57   55
   56   58   58   57   59   60   60   61   66
    12.5-180.0 180.0   5.0 450.0                            LAT/LON1/LON2/DLON/H
   66   79   97  113  127  140  155  170  184  194  198  197  193  188  181  171
  161  153  148  148  155  170  192  215  232  247  259  265  263  256  251  248
  243  236  223  204  183  164  148  136  127  122  118  113  109  108  115  126
  134  130  117  103   96   92   85   72   61   56   60   64   65   60   56   55
   56   56   56   55   56   57   58   60   66
    10.0-180.0 180.0   5.0 450.0                            LAT/LON1/LON2/DLON/H
   67   82  100  117  131  146  162  178  194  206  212  213  212  209  202  193
  180  169  163  164  174  192  218  239  253  264  272  275  272  264  257  251
  243  233  221  204  187  173  159  148  138  133  129  124  118  113  116  124
  130  125  110   95   85   82   77   68   60   58   62   66   65   61   57   56
   57   57   55   54   54   54   55   59   67
     7.5-180.0 180.0   5.0 450.0                            LAT/LON1/LON2/DLON/H
   69   86  104  121  136  150  167  185  201  214  223  227  228  227  224  215
  204  191  184  187  199  219  243  262  270  274  277  278  275  268  260  253
  244  233  223  211  199  187  176  164  153  146  142  136  128  121  120  125
  129  124  109   92   81   77   75   69   63   63   67   70   68   63   59   59
   58   57   56   54   53   53   54   59   69
     5.0-180.0 180.0   5.0 450.0                            LAT/LON1/LON2/DLON/H
   74   90  109  126  140  155  171  188  205  219  231  237  241  243  243  238
  228  215  208  212  226  246  268  280  282  280  278  277  274  269  263  257
  249  241  234  227  219  209  197  184  170  161  156  150  140  131  127  129
  132  128  113   95   84   80   78   74   70   71   74   74   71   66   62   62
   61   60   58   56   55   54   56   61   74
     2.5-180.0 180.0   5.0 450.0                            LAT/LON1/LON2/DLON/H
   79   97  116  132  146  160  175  190  206  221  234  243  249  255  258  257
  250  239  233  238  252  271  288  295  290  282  277  275  274  272  270  267
  261  257  255  251  244  234  220  203  186  175  169  162  152  142  136  137
  139  136  122  105   92   88   86   82   79   79   80   78   74   69   66   66
   64   62   61   60   58   57   59   66   79
