IONEX/igrg3540.16i
     1.0            IONOSPHERE MAPS     MIX                 IONEX VERSION / TYPE
tecrms2ionex_2.awk  GRL/UWM            12/20/16 2012UT      PGM / RUN BY / DATE
Global ionosphere maps for day 354, 2016 (19-12-2016)       DESCRIPTION
IONEX file containing the COMBINED IGS Ionosphere maps      DESCRIPTION
from the combination of the following IAACs:                DESCRIPTION
esrg                                                        DESCRIPTION
jprg                                                        DESCRIPTION
Contact address: Andrzej Krankowski                         DESCRIPTION
                 Geodynamics Research Laboratory            DESCRIPTION
                 University of Warmia and Mazury (GRL/UWM)  DESCRIPTION
                 Oczapowski St. 1                           DESCRIPTION
                 10-957-Olsztyn, POLAND                     DESCRIPTION
                 e-mail:  kand@uwm.edu.pl                   DESCRIPTION
                                                            DESCRIPTION
  2016    12    19     0     0     0                        EPOCH OF FIRST MAP
  2016    12    20     0     0     0                        EPOCH OF LAST MAP
  7200                                                      INTERVAL
    13                                                      # OF MAPS IN FILE
  COSZ                                                      MAPPING FUNCTION
     0.0                                                    ELEVATION CUTOFF
Combined TEC calculated as weighted mean of input TEC valuesOBSERVABLES USED
   285                                                      # OF STATIONS
     0                                                      # OF SATELLITES
  6371.0                                                    BASE RADIUS
     2                                                      MAP DIMENSION
   450.0 450.0   0.0                                        HGT1 / HGT2 / DHGT
    87.5 -87.5  -2.5                                        LAT1 / LAT2 / DLAT
  -180.0 180.0   5.0                                        LON1 / LON2 / DLON
    -1                                                      EXPONENT
TEC values in  0.1 TECUs; 9999 if no value available        COMMENT
DCB values in nanoseconds, reference is Sum_of_SatDCBs = 0  COMMENT
                                                            END OF HEADER
[from data line 3861]
    10                                                      START OF TEC MAP
  2016    12    19    18     0     0                        EPOCH OF CURRENT MAP
    87.5-180.0 180.0   5.0 450.0                            LAT/LON1/LON2/DLON/H
   24   24   24   24   24   24   24   24   24   24   24   24   24   24   23   23
   23   23   23   22   22   22   22   22   21   21   21   21   21   20   20   20
   20   19   19   19   19   19   19   19   19   19   19   19   19   19   19   19
   19   19   19   19   19   19   19   19   19   20   20   20   20   21   21   21
   22   22   22   23   23   23   23   24   24
    85.0-180.0 180.0   5.0 450.0                            LAT/LON1/LON2/DLON/H
   28   28   28   28   29   29   29   29   29   29   29   29   28   28   28   27
   27   26   26   25   25   24   24   23   23   22   22   21   21   21   21   20
   20   20   20   20   20   20   20   20   20   20   20   19   19   19   19   19
   19   18   18   18   19   19   19   19   20   20   21   21   22   22   23   23
   24   25   25   26   26   27   27   27   28
    82.5-180.0 180.0   5.0 450.0                            LAT/LON1/LON2/DLON/H
   32   32   33   33   33   33   33   33   33   33   33   33   33   32   32   32
   31   31   30   29   28   27   26   25   24   24   23   22   22   22   22   22
   21   22   22   22   22   23   23   23   22   22   22   22   22   21   21   20
   20   20   20   20   20   20   20   21   21   22   22   23   24   24   25   26
   27   27   28   29   30   30   31   31   32
    80.0-180.0 180.0   5.0 450.0                            LAT/LON1/LON2/DLON/H
   35   35   35   36   35   36   36   36   36   36   36   36   36   37   37   36
   36   35   34   33   32   30   29   28   26   25   24   23   23   23   22   22
   23   23   24   24   25   26   26   26   27   26   26   25   24   24   23   22
   22   21   21   21   21   21   22   23   23   24   25   26   26   27   28   29
   30   31   31   32   33   33   34   35   35
    77.5-180.0 180.0   5.0 450.0                            LAT/LON1/LON2/DLON/H
   36   36   37   36   37   36   36   36   37   37   38   38   39   39   40   40
   40   39   39   38   36   35   33   31   29   27   25   24   23   23   23   23
   23   25   26   27   28   29   30   30   30   29   29   28   27   26   24   24
   23   22   22   22   23   23   24   25   26   27   28   29   30   30   31   32
   32   32   33   34   34   35   36   36   36
    75.0-180.0 180.0   5.0 450.0                            LAT/LON1/LON2/DLON/H
   36   36   36   36   35   35   35   35   35   35   36   38   40   41   42   43
   44   44   43   42   41   39   37   34   32   30   27   25   24   24   23   23
   24   25   26   28   30   31   31   31   31   30   30   28   27   25   24   24
   23   22   23   23   24   25   26   28   29   30   31   31   32   32   32   32
   32   33   33   34   34   35   36   36   36
    72.5-180.0 180.0   5.0 450.0                            LAT/LON1/LON2/DLON/H
   34   34   34   33   32   31   31   31   31   32   34   36   39   41   44   46
   48   48   48   48   46   44   41   39   36   33   30   28   25   24   23   22
   23   24   25   27   28   29   30   30   30   29   28   25   24   23   22   22
   22   22   22   24   26   27   28   30   31   32   33   33   34   33   33   33
   32   32   32   32   33   33   34   35   34
    70.0-180.0 180.0   5.0 450.0                            LAT/LON1/LON2/DLON/H
   32   31   31   30   29   28   27   27   27   29   31   34   37   41   45   48
   51   52   53   53   51   50   47   44   41   37   34   30   28   25   23   22
   22   22   23   25   26   26   26   26   25   24   22   21   20   19   20   20
   20   22   23   24   27   29   31   32   33   34   35   34   34   34   33   32
   31   30   30   30   30   31   32   32   32
    67.5-180.0 180.0   5.0 450.0                            LAT/LON1/LON2/DLON/H
   30   29   28   27   25   25   23   24   25   26   29   33   37   41   46   50
   54   56   58   58   57   55   53   50   47   43   39   35   31   27   24   22
   21   20   20   21   21   22   21   20   19   17   16   16   15   16   16   18
   20   21   23   26   28   30   32   34   35   36   36   35   35   33   32   30
   29   29   28   28   28   28   29   30   30
    65.0-180.0 180.0   5.0 450.0                            LAT/LON1/LON2/DLON/H
   28   28   26   25   24   23   22   22   23   25   28   32   37   42   47   52
   56   60   62   63   63   61   58   56   52   48   44   40   35   30   26   23
   21   20   18   18   17   17   16   15   13   12   11   11   12   13   16   18
   21   23   26   29   31   32   33   35   36   36   36   36   35   33   31   30
   28   27   27   27   27   28   28   29   28
    62.5-180.0 180.0   5.0 450.0                            LAT/LON1/LON2/DLON/H
   29   28   27   25   23   22   22   23   24   27   30   34   38   44   49   55
   60   64   67   68   67   66   63   60   57   54   49   44   39   34   29   25
   22   20   18   17   16   14   13   12   10    9    9   11   12   15   18   21
   25   28   31   32   34   35   36   37   37   38   38   37   36   34   32   31
   29   29   28   28   28   29   29   29   29
    60.0-180.0 180.0   5.0 450.0                            LAT/LON1/LON2/DLON/H
   31   29   28   26   24   24   24   26   28   31   34   37   42   47   53   58
   64   68   71   72   72   70   68   65   62   59   54   49   43   38   33   28
   25   23   21   19   17   15   14   12   12   12   12   14   17   21   25   29
   32   35   37   38   39   39   40   40   40   40   40   40   38   37   35   34
   32   31   31   31   32   32   32   32   31
    57.5-180.0 180.0   5.0 450.0                            LAT/LON1/LON2/DLON/H
   34   32   30   28   27   27   29   31   34   37   40   43   47   52   57   63
   68   73   75   76   75   74   71   69   67   63   59   54   48   42   38   34
   31   28   26   24   22   20   18   18   19   20   22   25   28   31   35   39
   42   44   45   46   46   45   45   45   44   44   44   43   43   41   40   38
   37   36   36   36   36   36   36   35   34
    55.0-180.0 180.0   5.0 450.0                            LAT/LON1/LON2/DLON/H
   37   35   33   32   31   32   35   37   40   44   46   49   53   57   63   69
   74   77   79   79   78   76   74   73   71   69   64   58   53   48   43   40
   38   35   33   32   30   28   28   29   30   33   35   38   41   45   48   51
   53   55   56   55   55   53   52   51   51   50   50   49   48   47   45   44
   42   41   40   40   41   41   41   39   37
    52.5-180.0 180.0   5.0 450.0                            LAT/LON1/LON2/DLON/H
   40   37   36   36   36   39   42   45   48   51   54   56   59   64   69   75
   79   82   83   83   81   80   78   77   76   74   70   64   58   53   50   47
   46   44   42   41   40   39   41   42   45   48   51   54   57   60   62   64
   65   66   65   65   64   63   61   60   59   58   57   56   55   54   51   50
   47   46   44   44   44   44   44   42   40
    50.0-180.0 180.0   5.0 450.0                            LAT/LON1/LON2/DLON/H
   42   40   40   40   42   45   49   53   57   60   62   64   67   71   75   81
   85   88   88   87   85   84   83   83   83   81   76   71   64   60   57   55
   54   52   51   51   51   52   54   57   61   64   67   69   72   74   75   76
   76   76   75   74   73   72   70   69   68   67   65   64   62   60   57   55
   52   50   47   46   46   46   46   44   42
    47.5-180.0 180.0   5.0 450.0                            LAT/LON1/LON2/DLON/H
   43   42   42   44   48   52   57   61   65   68   70   72   75   78   83   88
   92   94   94   92   90   89   90   91   91   89   85   79   72   67   64   62
   61   60   59   60   61   63   66   70   74   78   80   83   84   85   86   86
   86   84   83   81   81   79   79   78   76   74   72   70   67   65   62   59
   55   52   50   48   47   47   46   45   43
    45.0-180.0 180.0   5.0 450.0                            LAT/LON1/LON2/DLON/H
   44   43   44   47   53   58   64   69   73   76   78   80   83   87   91   96
   99  101  101   99   97   96   97   99  100   99   95   88   82   76   72   70
   67   67   66   68   69   72   76   79   83   87   90   92   94   94   94   93
   93   91   89   87   86   85   85   84   81   79   77   74   72   69   66   61
   57   54   51   49   48   47   47   46   44
    42.5-180.0 180.0   5.0 450.0                            LAT/LON1/LON2/DLON/H
   45   45   46   51   57   64   71   76   80   83   85   88   91   95   99  104
  107  109  109  107  105  104  106  108  110  109  105   98   92   86   81   77
   74   73   72   73   76   79   82   85   88   92   95   98   99   99   99   98
   96   94   91   90   88   88   88   86   84   81   78   76   74   71   68   63
   59   54   51   50   48   48   47   46   45
    40.0-180.0 180.0   5.0 450.0                            LAT/LON1/LON2/DLON/H
   46   46   49   53   61   69   76   82   86   89   92   96   99  103  107  111
  115  117  117  116  114  113  114  117  119  118  114  108  101   95   90   86
   82   79   78   78   80   83   85   87   90   93   97  100  102  102  101   99
   97   94   90   88   88   87   87   86   83   80   78   76   75   72   69   64
   59   55   52   50   49   48   48   47   46
    37.5-180.0 180.0   5.0 450.0                            LAT/LON1/LON2/DLON/H
   47   48   51   57   64   73   81   87   91   94   98  101  106  109  113  118
  121  124  125  125  122  121  122  124  126  125  121  115  109  104   99   94
   89   86   84   83   85   87   88   89   90   93   97  100  102  102  100   98
   95   91   88   85   85   85   85   83   80   78   76   75   74   73   69   64
   59   55   53   51   50   49   49   48   47
    35.0-180.0 180.0   5.0 450.0                            LAT/LON1/LON2/DLON/H
   50   51   54   60   68   78   86   92   96   99  102  106  110  114  118  122
  127  130  133  133  130  128  128  128  129  128  125  120  115  111  107  103
   98   94   91   90   90   91   91   90   90   92   95   99  100  100   98   96
   92   88   84   81   81   81   81   79   77   75   74   73   73   72   69   64
   59   56   54   52   51   51   50   50   50
    32.5-180.0 180.0   5.0 450.0                            LAT/LON1/LON2/DLON/H
   53   55   59   64   73   82   91   96  100  103  107  110  114  117  120  124
  130  134  138  138  136  133  131  130  130  129  125  121  118  116  115  112
  108  104  101   99   98   97   95   93   92   93   95   98   99   98   96   93
   89   84   80   78   78   78   77   76   73   72   72   72   72   71   68   64
   59   57   55   54   53   52   52   52   53
    30.0-180.0 180.0   5.0 450.0                            LAT/LON1/LON2/DLON/H
   56   58   63   69   78   87   96  101  105  108  111  115  117  119  121  125
  130  136  141  142  141  137  133  130  129  127  124  121  120  121  122  122
  121  118  114  111  108  105  101   97   94   95   96   98   98   97   95   91
   86   81   77   76   75   75   75   73   71   70   71   72   72   70   67   63
   59   57   56   55   54   54   54   54   56
    27.5-180.0 180.0   5.0 450.0                            LAT/LON1/LON2/DLON/H
   58   62   68   74   83   92  101  107  111  115  118  120  121  121  121  124
  129  136  142  145  143  139  134  129  127  126  124  124  125  128  132  135
  136  135  131  128  122  116  109  102   98   97   98   99   98   96   94   90
   85   80   77   75   75   74   72   71   70   70   71   71   71   69   65   62
   59   57   56   56   56   55   55   56   58
    25.0-180.0 180.0   5.0 450.0                            LAT/LON1/LON2/DLON/H
   60   65   72   80   89   98  107  113  119  123  126  127  126  124  122  123
  127  135  142  145  144  140  135  131  129  129  129  129  133  138  145  152
  155  155  151  146  138  127  116  108  103  101  101  101  100   98   95   91
   85   79   76   74   74   72   71   69   69   69   71   70   69   66   63   60
   58   56   56   56   56   56   56   57   60
    22.5-180.0 180.0   5.0 450.0                            LAT/LON1/LON2/DLON/H
   62   68   77   86   94  104  113  121  127  133  136  137  134  130  126  124
  127  133  140  145  146  143  139  135  135  137  140  143  148  155  163  171
  176  177  172  165  153  139  124  114  108  106  105  104  102  100   97   91
   85   78   75   74   72   70   69   68   67   69   69   69   67   64   61   58
   55   54   55   55   56   56   56   58   62
    20.0-180.0 180.0   5.0 450.0                            LAT/LON1/LON2/DLON/H
   62   70   81   91  100  109  119  128  137  143  148  148  145  139  132  128
  128  133  139  145  147  147  146  145  149  154  159  164  170  177  186  194
  199  199  193  182  167  149  131  119  113  111  109  108  104  102   98   92
   84   78   74   72   70   68   67   66   65   66   66   65   63   60   57   54
   52   51   52   52   53   54   55   57   62
    17.5-180.0 180.0   5.0 450.0                            LAT/LON1/LON2/DLON/H
   62   72   84   95  105  115  125  136  147  155  160  162  158  152  143  136
  133  135  141  147  151  154  156  160  167  175  184  191  197  202  209  217
  220  218  210  196  178  157  138  125  118  116  114  111  108  102   98   91
   83   77   72   70   68   65   64   63   63   63   62   60   58   55   53   51
   49   48   48   48   50   51   53   56   62
    15.0-180.0 180.0   5.0 450.0                            LAT/LON1/LON2/DLON/H
   61   73   87  100  110  120  131  143  155  166  173  176  173  167  157  148
  142  143  147  153  159  165  171  180  190  201  211  220  225  229  233  237
  238  233  223  207  186  164  144  132  125  123  121  116  110  104   98   91
   84   77   72   68   65   62   61   60   60   59   58   56   53   52   50   48
   46   44   43   43   45   47   49   54   61
    12.5-180.0 180.0   5.0 450.0                            LAT/LON1/LON2/DLON/H
   60   73   89  104  115  125  136  149  162  175  184  188  188  183  175  166
  159  157  159  165  172  181  190  202  214  227  238  247  251  252  253  253
  250  243  230  214  193  171  151  140  135  131  129  122  115  106   99   92
   86   79   73   68   64   61   58   57   57   56   54   52   50   48   47   46
   44   42   40   39   40   43   46   51   60
    10.0-180.0 180.0   5.0 450.0                            LAT/LON1/LON2/DLON/H
   59   74   92  107  119  129  140  154  168  181  193  199  202  200  195  188
  181  178  180  185  193  202  214  226  238  250  260  268  270  269  267  265
  259  249  236  220  200  179  161  150  145  142  137  130  120  110  102   96
   90   85   79   72   67   62   58   57   56   55   53   50   49   48   47   46
   43   40   38   37   37   40   43   49   59
     7.5-180.0 180.0   5.0 450.0                            LAT/LON1/LON2/DLON/H
   59   75   94  111  123  133  145  158  172  186  198  208  214  216  214  210
  206  204  206  211  219  229  239  250  260  270  278  283  284  282  277  272
  263  252  240  226  208  189  173  162  157  153  148  139  127  116  108  103
   98   94   87   80   73   66   61   57   56   55   53   51   50   49   49   47
   44   41   38   37   37   39   42   48   59
     5.0-180.0 180.0   5.0 450.0                            LAT/LON1/LON2/DLON/H
   61   78   98  114  127  137  149  161  175  188  203  214  223  228  232  232
  231  232  234  240  248  257  266  274  279  285  290  293  292  289  284  277
  267  256  245  233  218  201  185  175  169  164  158  148  136  125  118  114
  111  107  100   91   82   74   66   61   59   58   56   54   53   52   51   50
   47   44   41   40   39   40   43   49   61
     2.5-180.0 180.0   5.0 450.0                            LAT/LON1/LON2/DLON/H
   65   83  103  119  131  142  153  165  177  191  205  219  230  239  246  250
  253  257  262  268  276  284  290  295  296  297  299  299  297  292  287  280
  271  261  252  242  228  211  196  184  178  173  167  156  145  136  131  128
  126  122  114  105   94   84   74   68   65   62   60   58   57   56   55   54
   51   49   46   45   45   45   47   53   65
