IONEX/igrg3530.16i
     1.0            IONOSPHERE MAPS     MIX                 IONEX VERSION / TYPE
tecrms2ionex_2.awk  GRL/UWM            12/19/16 2012UT      PGM / RUN BY / DATE
Global ionosphere maps for day 353, 2016 (18-12-2016)       DESCRIPTION
IONEX file containing the COMBINED IGS Ionosphere maps      DESCRIPTION
from the combination of the following IAACs:                DESCRIPTION
esrg                                                        DESCRIPTION
jprg                                                        DESCRIPTION
Contact address: Andrzej Krankowski                         DESCRIPTION
                 Geodynamics Research Laboratory            DESCRIPTION
                 University of Warmia and Mazury (GRL/UWM)  DESCRIPTION
                 Oczapowski St. 1                           DESCRIPTION
                 10-957-Olsztyn, POLAND                     DESCRIPTION
                 e-mail:  kand@uwm.edu.pl                   DESCRIPTION
                                                            DESCRIPTION
  2016    12    18     0     0     0                        EPOCH OF FIRST MAP
  2016    12    19     0     0     0                        EPOCH OF LAST MAP
  7200                                                      INTERVAL
    13                                                      # OF MAPS IN FILE
  COSZ                                                      MAPPING FUNCTION
     0.0                                                    ELEVATION CUTOFF
Combined TEC calculated as weighted mean of input TEC valuesOBSERVABLES USED
   286                                                      # OF STATIONS
     0                                                      # OF SATELLITES
  6371.0                                                    BASE RADIUS
     2                                                      MAP DIMENSION
   450.0 450.0   0.0                                        HGT1 / HGT2 / DHGT
    87.5 -87.5  -2.5                                        LAT1 / LAT2 / DLAT
  -180.0 180.0   5.0                                        LON1 / LON2 / DLON
    -1                                                      EXPONENT
TEC values in  0.1 TECUs; 9999 if no value available        COMMENT
DCB values in nanoseconds, reference is Sum_of_SatDCBs = 0  COMMENT
                                                            END OF HEADER
     1                                                      START OF TEC MAP
  2016    12    18     0     0     0                        EPOCH OF CURRENT MAP
    87.5-180.0 180.0   5.0 450.0                            LAT/LON1/LON2/DLON/H
   47   47   47   46   46   46   46   45   45   45   44   44   44   43   43   43
   42   42   42   41   41   41   41   41   40   40   40   40   40   40   41   41
   42   42   42   43   44   44   44   45   46   46   47   47   48   48   49   49
   49   49   50   50   50   50   50   50   49   49   50   49   49   49   49   48
   48   48   48   48   47   47   47   47   47
    85.0-180.0 180.0   5.0 450.0                            LAT/LON1/LON2/DLON/H
   47   47   47   47   47   47   48   48   47   47   46   45   44   44   43   42
   41   40   39   38   37   36   35   34   34   33   33   33   34   34   34   35
   36   37   38   40   41   42   44   44   46   47   48   49   50   51   52   52
   53   53   53   53   53   53   52   52   51   51   51   50   50   49   48   48
   47   47   46   46   46   46   46   47   47
    82.5-180.0 180.0   5.0 450.0                            LAT/LON1/LON2/DLON/H
   45   45   46   47   48   48   49   49   49   49   49   48   47   46   44   43
   41   39   37   36   34   32   30   29   29   28   28   28   28   29   29   30
   31   33   35   37   39   41   42   44   46   48   50   52   52   53   54   55
   55   56   56   56   56   55   54   53   52   51   49   48   47   46   45   44
   43   43   43   43   43   43   43   44   45
    80.0-180.0 180.0   5.0 450.0                            LAT/LON1/LON2/DLON/H
   42   44   45   46   47   49   50   51   51   52   51   51   50   48   46   44
   42   40   37   35   32   30   28   26   24   24   24   24   24   25   26   28
   29   31   34   36   38   40   42   45   47   49   50   52   54   55   56   57
   57   57   57   56   55   54   53   51   49   47   46   45   43   41   40   39
   38   38   37   38   38   38   39   41   42
    77.5-180.0 180.0   5.0 450.0                            LAT/LON1/LON2/DLON/H
   39   41   43   45   47   49   50   51   52   53   53   53   52   50   49   46
   44   41   38   35   32   30   27   25   24   23   23   22   23   24   25   27
   29   31   34   37   39   41   43   45   47   49   50   52   53   54   55   55
   56   55   54   53   52   51   49   47   45   43   41   39   37   36   34   33
   33   33   32   33   33   34   36   37   39
    75.0-180.0 180.0   5.0 450.0                            LAT/LON1/LON2/DLON/H
   38   40   43   45   47   49   50   52   53   54   54   53   53   51   50   47
   45   42   39   36   33   30   28   26   25   24   24   24   24   25   27   28
   31   33   35   37   39   42   43   45   46   47   49   50   51   51   52   52
   51   51   49   48   46   45   43   41   39   37   35   33   32   31   29   28
   27   28   27   28   29   31   34   36   38
    72.5-180.0 180.0   5.0 450.0                            LAT/LON1/LON2/DLON/H
   40   42   44   47   49   50   51   52   52   53   53   52   51   50   49   47
   45   43   40   37   34   32   30   28   27   27   27   27   27   28   29   30
   32   34   35   38   39   40   42   43   44   44   45   44   45   45   45   45
   45   44   43   41   40   38   37   35   33   31   30   29   28   27   26   25
   25   25   25   26   28   31   34   37   40
    70.0-180.0 180.0   5.0 450.0                            LAT/LON1/LON2/DLON/H
   44   47   50   51   52   53   53   53   52   51   50   50   48   48   46   45
   43   41   39   37   35   33   31   30   29   28   28   29   30   31   32   32
   33   34   35   37   37   38   38   38   38   38   39   39   39   39   39   38
   37   36   36   35   33   32   31   30   28   27   26   26   25   25   25   24
   25   25   26   28   30   33   37   41   44
    67.5-180.0 180.0   5.0 450.0                            LAT/LON1/LON2/DLON/H
   52   55   57   57   58   57   56   55   53   51   49   47   46   44   43   42
   40   39   37   35   34   32   31   30   29   29   29   30   31   32   32   33
   34   34   35   35   35   35   34   33   32   32   32   32   32   33   32   32
   31   31   30   30   29   28   27   26   25   25   25   25   25   25   26   26
   27   27   29   31   34   38   43   47   52
    65.0-180.0 180.0   5.0 450.0                            LAT/LON1/LON2/DLON/H
   60   63   65   66   65   64   62   59   55   51   48   45   43   41   40   38
   37   35   34   32   31   30   30   28   27   26   26   27   29   31   32   33
   33   34   34   33   32   31   29   28   27   27   27   27   28   29   29   28
   28   28   27   27   27   27   26   26   26   26   26   27   28   29   31   32
   32   33   35   37   41   45   50   55   60
    62.5-180.0 180.0   5.0 450.0                            LAT/LON1/LON2/DLON/H
   68   72   74   74   74   71   68   63   59   53   48   45   42   39   37   36
   33   32   30   29   28   27   26   24   23   22   22   23   25   28   30   32
   34   34   34   33   32   30   27   26   25   25   26   27   28   29   29   29
   28   28   27   28   28   29   28   28   28   29   29   30   32   34   37   39
   40   41   43   45   48   53   58   64   68
    60.0-180.0 180.0   5.0 450.0                            LAT/LON1/LON2/DLON/H
   76   79   81   81   80   78   73   69   63   57   51   47   43   39   37   34
   32   30   28   26   25   24   22   20   19   17   17   19   22   25   29   33
   35   37   37   37   34   32   29   28   27   28   30   32   34   34   33   33
   31   30   31   31   32   32   32   32   32   32   33   34   37   40   44   47
   50   51   52   54   57   61   66   71   76
    57.5-180.0 180.0   5.0 450.0                            LAT/LON1/LON2/DLON/H
   82   84   86   86   85   82   78   73   67   61   55   50   45   41   38   35
   32   30   27   25   23   22   20   18   17   17   17   18   20   25   31   35
   39   42   43   42   40   38   35   34   35   38   40   42   43   43   41   39
   37   36   35   35   36   37   37   37   37   37   37   40   43   47   52   56
   60   61   62   64   66   70   74   78   82
    55.0-180.0 180.0   5.0 450.0                            LAT/LON1/LON2/DLON/H
   87   89   89   89   88   85   82   77   72   66   60   54   49   45   41   37
   34   31   29   26   24   22   20   18   18   19   20   21   24   28   34   40
   46   50   51   50   49   47   45   46   48   51   54   56   56   55   52   48
   44   42   41   40   41   41   42   42   41   41   43   45   48   54   60   65
   69   71   73   74   76   78   81   85   87
    52.5-180.0 180.0   5.0 450.0                            LAT/LON1/LON2/DLON/H
   92   93   92   91   89   86   84   80   75   70   64   59   53   49   45   41
   38   35   32   29   27   24   22   20   20   22   24   26   31   36   42   48
   54   59   61   61   60   58   58   59   62   66   68   70   69   66   63   57
   52   48   45   45   45   46   46   46   46   46   47   50   54   61   68   74
   78   81   83   84   86   88   89   91   92
    50.0-180.0 180.0   5.0 450.0                            LAT/LON1/LON2/DLON/H
   98   98   96   93   91   88   86   83   79   75   70   64   59   54   50   46
   42   39   37   34   31   29   28   27   27   29   33   38   43   48   53   59
   65   69   72   73   72   70   70   72   76   79   81   81   80   77   72   66
   59   54   50   48   48   49   50   50   50   50   51   55   61   69   76   83
   88   91   94   95   96   98   98   98   98
    47.5-180.0 180.0   5.0 450.0                            LAT/LON1/LON2/DLON/H
  105  104  101   98   94   91   89   86   83   80   76   71   65   60   55   50
   47   44   42   40   38   37   37   37   38   42   47   53   58   62   66   71
   75   79   82   82   81   80   80   82   85   88   89   89   87   83   79   73
   66   58   54   51   51   52   52   53   54   54   56   60   67   76   84   92
   97  101  104  106  107  108  108  107  105
    45.0-180.0 180.0   5.0 450.0                            LAT/LON1/LON2/DLON/H
  114  111  108  104  100   96   93   91   89   86   82   77   72   66   61   56
   52   48   46   45   46   47   48   49   52   57   63   69   73   77   80   82
   85   87   89   90   88   87   85   86   89   91   92   91   89   87   84   78
   71   63   57   54   53   54   55   56   58   59   61   66   73   82   91   99
  106  111  114  116  117  117  116  115  114
    42.5-180.0 180.0   5.0 450.0                            LAT/LON1/LON2/DLON/H
  121  118  115  111  107  103  100   97   95   92   89   84   79   74   68   61
   56   52   51   52   54   57   60   64   68   73   79   85   88   90   90   91
   92   93   93   93   91   89   86   86   88   89   90   89   89   88   86   81
   74   66   60   56   55   56   57   59   61   63   66   70   78   88   98  106
  113  118  122  124  124  124  123  122  121
    40.0-180.0 180.0   5.0 450.0                            LAT/LON1/LON2/DLON/H
  126  124  121  117  114  110  106  103  101   98   95   91   86   81   74   67
   60   56   55   57   62   68   73   78   82   87   93   97   99   99   98   96
   96   95   94   93   90   87   84   83   84   85   85   86   86   87   86   83
   75   68   61   58   56   56   58   61   64   67   70   75   83   92  102  111
  118  124  127  129  130  129  129  127  126
    37.5-180.0 180.0   5.0 450.0                            LAT/LON1/LON2/DLON/H
  129  126  124  121  118  115  111  108  105  103  100   97   92   87   81   73
   66   61   60   62   69   77   84   90   93   97  101  103  104  103  100   98
   95   93   92   90   87   83   79   78   79   80   81   82   84   85   84   81
   75   68   62   58   56   57   59   63   67   70   75   79   86   95  105  114
  122  128  131  133  133  132  131  130  129
    35.0-180.0 180.0   5.0 450.0                            LAT/LON1/LON2/DLON/H
  129  126  123  121  119  116  112  110  107  105  103  100   97   93   87   80
   72   66   64   66   74   83   91   96   99  102  103  105  104  101   98   95
   92   90   88   86   82   78   75   74   75   77   79   80   82   83   81   78
   72   66   61   57   56   57   60   64   69   74   78   83   90   97  106  115
  124  131  135  137  136  135  134  132  129
    32.5-180.0 180.0   5.0 450.0                            LAT/LON1/LON2/DLON/H
  130  125  121  118  116  113  110  108  106  105  103  101  100   97   92   86
   78   72   68   69   75   84   91   96   98   99   99   99   98   96   93   90
   87   85   84   81   78   75   72   72   74   77   79   80   81   80   77   74
   68   62   58   55   54   56   59   65   71   76   81   87   92   99  108  116
  126  135  140  141  141  140  138  135  130
    30.0-180.0 180.0   5.0 450.0                            LAT/LON1/LON2/DLON/H
  135  126  120  116  112  108  104  103  103  102  101  100  100   99   96   91
   85   77   71   70   73   80   86   90   91   90   90   89   89   88   86   85
   84   83   80   78   76   74   73   74   76   79   80   81   80   77   73   67
   62   57   53   51   51   53   58   64   71   78   84   90   96  103  110  119
  129  139  147  151  150  150  148  143  135
    27.5-180.0 180.0   5.0 450.0                            LAT/LON1/LON2/DLON/H
  147  136  126  119  113  106  101   99   99   99   98   99   99  100   99   96
   91   83   75   70   71   74   79   81   82   81   80   80   80   80   81   82
   82   82   80   78   77   76   76   78   79   81   81   80   78   73   67   60
   55   50   47   46   47   49   55   62   70   78   86   94  101  107  114  122
  135  148  158  164  167  167  165  158  147
    25.0-180.0 180.0   5.0 450.0                            LAT/LON1/LON2/DLON/H
  169  155  142  132  124  114  105  101  100   99   97   97   98  100  100   99
   95   87   78   71   67   68   70   73   74   74   73   73   75   77   80   83
   84   85   82   79   78   79   80   82   83   83   81   77   73   67   60   53
   47   43   40   40   42   45   51   60   70   79   89   97  105  112  119  129
  142  158  172  182  187  189  188  181  169
    22.5-180.0 180.0   5.0 450.0                            LAT/LON1/LON2/DLON/H
  198  183  170  159  148  135  122  113  109  105  101   99   99  100  101  100
   97   91   81   72   66   64   64   68   71   73   74   74   75   78   82   87
   90   89   86   81   80   82   83   84   83   81   78   73   67   60   52   45
   39   36   35   35   38   42   48   57   68   78   89  100  109  117  125  136
  151  171  188  201  208  213  214  209  198
    20.0-180.0 180.0   5.0 450.0                            LAT/LON1/LON2/DLON/H
  228  217  206  197  187  172  153  138  128  120  112  107  104  104  103  101
   99   93   84   75   67   63   63   68   75   81   84   84   83   85   90   94
   96   95   89   83   82   83   84   84   82   78   73   67   60   53   45   39
   34   31   30   32   34   39   47   56   66   77   90  101  112  122  131  144
  161  183  203  218  229  236  239  237  228
    17.5-180.0 180.0   5.0 450.0                            LAT/LON1/LON2/DLON/H
  257  250  243  238  232  219  196  175  157  144  131  121  115  112  108  105
  101   95   87   78   70   65   66   74   86   95  101   99   95   95   98  102
  103   99   92   85   82   82   83   82   79   73   67   60   53   47   40   35
   31   29   29   30   33   38   45   55   65   77   89  103  115  126  138  152
  170  193  214  232  244  252  258  260  257
    15.0-180.0 180.0   5.0 450.0                            LAT/LON1/LON2/DLON/H
  276  275  274  275  276  266  242  215  194  176  158  142  132  125  118  111
  104   98   91   83   75   70   72   83   99  113  119  116  108  105  106  109
  109  103   93   85   80   81   81   79   75   69   62   55   48   43   38   34
   31   29   29   30   33   38   46   55   66   78   90  104  117  130  144  160
  179  201  222  239  252  261  268  273  276
    12.5-180.0 180.0   5.0 450.0                            LAT/LON1/LON2/DLON/H
  283  287  292  301  309  304  282  253  229  209  188  168  153  143  132  121
  111  103   96   89   81   76   80   95  114  129  135  129  119  113  113  114
  111  104   94   85   80   79   78   76   71   65   58   52   47   42   39   36
   33   32   32   32   35   40   48   58   69   80   92  106  120  134  149  166
  185  206  226  242  253  262  269  276  283
    10.0-180.0 180.0   5.0 450.0                            LAT/LON1/LON2/DLON/H
  281  288  297  310  324  326  308  282  260  240  218  194  177  165  152  136
  122  110  102   95   89   86   91  107  126  140  144  138  126  119  117  116
  114  106   96   87   81   79   77   74   69   63   57   51   48   44   42   40
   38   37   35   35   37   42   51   62   73   85   96  109  123  137  153  171
  189  208  226  240  250  257  264  273  281
     7.5-180.0 180.0   5.0 450.0                            LAT/LON1/LON2/DLON/H
  274  282  291  306  322  329  317  297  280  263  242  219  200  187  173  154
  135  120  109  103   97   96  102  117  133  145  146  139  128  122  120  119
  116  109   99   91   85   81   78   74   69   64   58   54   51   48   46   45
   44   42   41   39   40   45   55   67   80   91  101  113  126  141  158  175
  192  209  224  236  244  250  257  266  274
     5.0-180.0 180.0   5.0 450.0                            LAT/LON1/LON2/DLON/H
  267  273  281  294  309  317  312  300  289  278  260  238  220  208  193  171
  149  131  118  111  109  108  114  126  138  145  143  135  127  123  123  123
  121  115  105   97   90   85   80   75   70   65   61   57   54   53   51   50
   49   48   45   43   43   49   60   73   87   98  108  118  130  144  162  179
  195  209  222  233  241  247  253  260  267
     2.5-180.0 180.0   5.0 450.0                            LAT/LON1/LON2/DLON/H
  265  267  271  281  293  302  301  296  292  285  271  252  236  225  210  188
  164  143  130  123  120  121  126  133  140  142  138  130  125  125  127  130
  129  123  114  105   97   90   84   78   72   68   64   61   59   57   56   55
   54   53   50   47   46   52   63   78   93  105  113  122  134  148  165  182
  197  210  221  232  240  246  253  260  265
