IONEX/igrg3550.16i
     1.0            IONOSPHERE MAPS     MIX                 IONEX VERSION / TYPE
tecrms2ionex_2.awk  GRL/UWM            12/21/16 2012UT      PGM / RUN BY / DATE
Global ionosphere maps for day 355, 2016 (20-12-2016)       DESCRIPTION
IONEX file containing the COMBINED IGS Ionosphere maps      DESCRIPTION
from the combination of the following IAACs:                DESCRIPTION
esrg                                                        DESCRIPTION
jprg                                                        DESCRIPTION
Contact address: Andrzej Krankowski                         DESCRIPTION
                 Geodynamics Research Laboratory            DESCRIPTION
                 University of Warmia and Mazury (GRL/UWM)  DESCRIPTION
                 Oczapowski St. 1                           DESCRIPTION
                 10-957-Olsztyn, POLAND                     DESCRIPTION
                 e-mail:  kand@uwm.edu.pl                   DESCRIPTION
                                                            DESCRIPTION
  2016    12    20     0     0     0                        EPOCH OF FIRST MAP
  2016    12    21     0     0     0                        EPOCH OF LAST MAP
  7200                                                      INTERVAL
    13                                                      # OF MAPS IN FILE
  COSZ                                                      MAPPING FUNCTION
     0.0                                                    ELEVATION CUTOFF
Combined TEC calculated as weighted mean of input TEC valuesOBSERVABLES USED
   286                                                      # OF STATIONS
     0                                                      # OF SATELLITES
  6371.0                                                    BASE RADIUS
     2                                                      MAP DIMENSION
   450.0 450.0   0.0                                        HGT1 / HGT2 / DHGT
    87.5 -87.5  -2.5                                        LAT1 / LAT2 / DLAT
  -180.0 180.0   5.0                                        LON1 / LON2 / DLON
    -1                                                      EXPONENT
TEC values in  0.1 TECUs; 9999 if no value available        COMMENT
DCB values in nanoseconds, reference is Sum_of_SatDCBs = 0  COMMENT
                                                            END OF HEADER
[from data line 429]
     2                                                      START OF TEC MAP
  2016    12    20     2     0     0                        EPOCH OF CURRENT MAP
    87.5-180.0 180.0   5.0 450.0                            LAT/LON1/LON2/DLON/H
   20   20   20   20   20   20   20   19   19   18   18   18   18   18   17   17
   17   16   16   16   16   15   15   15   15   15   15   15   15   16   16   16
   16   16   17   17   18   18   18   18   18   19   19   20   20   20   20   20
   21   21   21   21   21   21   21   21   21   21   21   21   21   21   21   21
   21   21   21   20   20   20   20   20   20
    85.0-180.0 180.0   5.0 450.0                            LAT/LON1/LON2/DLON/H
   21   21   21   21   21   21   20   20   20   20   19   19   18   17   16   16
   15   14   13   13   12   12   12   12   12   12   12   12   12   12   13   13
   13   14   15   16   16   17   18   19   19   20   20   21   22   22   23   23
   23   23   23   23   23   22   22   22   22   21   21   21   21   21   21   21
   21   20   21   21   21   21   21   21   21
    82.5-180.0 180.0   5.0 450.0                            LAT/LON1/LON2/DLON/H
   21   21   21   22   22   22   22   21   21   21   20   20   19   18   17   16
   15   13   13   12   12   11   11   11   11   11   11   11   12   12   12   13
   13   13   14   14   16   17   19   20   20   21   22   23   23   24   24   24
   24   24   24   23   23   22   22   21   21   20   20   20   19   19   20   20
   20   20   20   20   20   20   21   21   21
    80.0-180.0 180.0   5.0 450.0                            LAT/LON1/LON2/DLON/H
   21   22   22   22   22   22   23   23   23   23   23   22   21   20   19   18
   16   14   13   12   11   11   10   10   10   10   11   11   11   12   13   13
   14   15   15   15   17   18   19   21   22   23   23   24   25   25   25   24
   24   23   23   23   21   21   20   19   18   18   18   18   18   18   18   18
   18   19   19   19   19   20   20   21   21
    77.5-180.0 180.0   5.0 450.0                            LAT/LON1/LON2/DLON/H
   21   21   21   21   22   22   22   23   23   24   24   24   24   23   22   20
   19   17   15   13   12   11   11   10   10   10   11   11   12   13   13   14
   15   16   16   17   18   19   20   22   23   23   24   25   25   25   24   24
   23   22   22   20   19   18   17   16   16   15   15   16   16   16   17   18
   19   20   20   21   21   21   22   21   21
    75.0-180.0 180.0   5.0 450.0                            LAT/LON1/LON2/DLON/H
   23   23   22   22   21   21   22   22   23   24   24   25   25   25   25   24
   22   20   18   16   14   12   12   11   11   11   12   12   13   13   15   15
   16   16   17   18   19   20   20   21   22   22   23   24   24   24   23   23
   22   21   19   17   16   15   14   14   14   13   14   15   16   17   19   20
   22   22   24   24   24   25   25   24   23
    72.5-180.0 180.0   5.0 450.0                            LAT/LON1/LON2/DLON/H
   28   26   25   24   22   22   21   21   22   23   24   25   26   26   26   26
   24   22   21   19   17   16   14   13   13   13   13   14   14   15   15   16
   17   17   18   19   19   19   19   20   20   21   21   21   22   22   21   21
   19   18   17   15   14   13   12   13   13   14   15   17   19   21   23   25
   27   29   30   30   31   31   30   29   28
    70.0-180.0 180.0   5.0 450.0                            LAT/LON1/LON2/DLON/H
   35   32   30   27   25   23   22   21   21   21   23   24   25   26   26   26
   25   24   23   22   20   19   18   17   17   17   17   18   18   18   18   18
   18   18   18   18   17   17   17   17   17   17   18   18   19   19   19   19
   18   17   15   14   13   13   13   14   15   17   20   22   24   27   29   32
   34   36   38   39   39   39   38   36   35
    67.5-180.0 180.0   5.0 450.0                            LAT/LON1/LON2/DLON/H
   42   40   37   33   29   26   23   21   20   20   21   22   23   24   24   25
   25   24   24   22   21   20   20   20   19   20   20   19   19   19   19   19
   18   18   18   16   15   14   13   13   13   13   14   15   16   17   17   17
   17   16   15   15   14   15   17   18   21   23   26   29   32   35   38   41
   43   45   46   47   48   48   47   45   42
    65.0-180.0 180.0   5.0 450.0                            LAT/LON1/LON2/DLON/H
   51   48   43   39   35   29   25   23   21   20   20   21   21   22   23   23
   23   23   23   22   21   20   20   20   20   20   20   20   19   19   19   18
   18   18   17   15   14   12   11   10   10   11   12   13   15   17   17   18
   18   18   17   17   18   20   23   26   30   33   36   39   42   45   48   50
   52   54   55   56   56   56   55   53   51
    62.5-180.0 180.0   5.0 450.0                            LAT/LON1/LON2/DLON/H
   58   55   50   46   39   34   29   26   22   20   20   20   20   20   21   21
   21   22   21   21   19   19   18   18   18   18   18   18   18   18   18   18
   18   18   17   16   14   12   10    8    8   10   12   15   17   19   20   21
   21   22   21   22   24   27   31   35   40   44   47   50   53   55   57   59
   60   61   62   63   63   62   62   60   58
    60.0-180.0 180.0   5.0 450.0                            LAT/LON1/LON2/DLON/H
   62   59   55   50   45   39   34   28   25   22   20   19   19   20   20   20
   20   21   20   19   19   18   17   16   17   17   17   17   17   18   18   18
   20   21   20   19   17   15   12   11   12   13   16   19   22   24   26   27
   27   27   27   29   31   34   39   45   50   55   58   61   64   65   66   67
   68   68   68   68   68   67   66   64   62
    57.5-180.0 180.0   5.0 450.0                            LAT/LON1/LON2/DLON/H
   65   63   59   55   49   43   38   32   28   24   22   21   20   21   21   21
   21   21   20   19   18   17   17   16   16   17   18   18   19   19   20   21
   23   25   26   26   23   21   19   18   19   21   24   27   29   32   33   34
   34   34   34   35   38   42   48   54   60   65   68   71   73   75   75   75
   74   74   73   72   72   71   70   68   65
    55.0-180.0 180.0   5.0 450.0                            LAT/LON1/LON2/DLON/H
   68   65   62   58   53   47   42   36   31   27   24   22   22   23   23   23
   23   22   22   21   20   19   18   18   18   19   21   22   23   24   26   28
   31   33   35   35   34   31   29   29   31   33   35   38   39   41   41   42
   42   42   42   43   46   50   56   63   69   74   77   80   82   83   84   82
   81   80   78   77   76   75   73   71   68
    52.5-180.0 180.0   5.0 450.0                            LAT/LON1/LON2/DLON/H
   73   70   66   62   58   52   47   41   35   31   27   25   24   25   26   26
   26   26   25   24   23   23   23   22   22   23   25   28   31   33   36   38
   40   43   45   46   46   44   43   43   44   46   48   49   50   50   50   50
   50   50   50   51   54   58   64   71   76   81   84   88   90   92   92   90
   88   86   85   83   82   81   78   76   73
    50.0-180.0 180.0   5.0 450.0                            LAT/LON1/LON2/DLON/H
   80   77   72   68   63   58   53   47   41   36   31   29   27   28   29   29
   29   30   29   30   29   29   30   29   30   31   34   37   41   44   47   49
   51   54   56   58   58   58   57   57   57   59   60   60   59   58   58   58
   58   58   58   59   62   66   72   78   83   87   91   95   98  100  100   98
   96   93   92   91   90   89   87   84   80
    47.5-180.0 180.0   5.0 450.0                            LAT/LON1/LON2/DLON/H
   91   87   82   77   72   66   60   54   49   42   37   33   31   31   32   33
   33   34   35   36   37   38   38   39   39   41   44   49   53   57   59   61
   63   64   67   68   69   69   69   68   68   68   68   67   66   64   64   64
   65   65   66   67   70   75   81   86   89   93   97  101  106  108  108  107
  104  101  100  100  100   99   97   95   91
    45.0-180.0 180.0   5.0 450.0                            LAT/LON1/LON2/DLON/H
  103   99   93   88   82   76   70   63   56   50   43   38   35   34   35   36
   37   38   40   43   45   47   48   49   50   53   56   61   66   69   71   72
   73   74   75   76   77   77   76   75   74   73   73   72   71   68   68   69
   71   72   73   75   78   83   88   93   96   99  103  107  112  116  116  114
  111  109  108  108  109  109  108  107  103
    42.5-180.0 180.0   5.0 450.0                            LAT/LON1/LON2/DLON/H
  115  111  106  101   94   87   79   72   65   57   50   44   40   39   39   40
   41   43   47   51   55   58   60   61   62   63   67   72   76   79   81   81
   81   81   81   82   80   80   77   76   75   75   74   74   73   71   71   73
   75   77   79   81   85   91   97  102  104  106  109  114  118  122  123  120
  117  115  114  115  116  117  118  117  115
    40.0-180.0 180.0   5.0 450.0                            LAT/LON1/LON2/DLON/H
  122  120  115  111  104   97   88   80   72   65   57   51   46   44   44   44
   46   48   54   60   66   69   71   73   73   74   77   81   85   87   88   87
   86   85   84   83   80   78   75   73   73   73   73   74   74   73   73   75
   78   80   83   86   91   98  104  109  111  112  115  119  124  127  127  126
  123  121  119  119  119  121  123  124  122
    37.5-180.0 180.0   5.0 450.0                            LAT/LON1/LON2/DLON/H
  126  125  121  117  111  104   95   87   79   72   64   58   53   51   50   50
   52   55   61   68   75   79   81   82   82   83   85   87   90   91   91   90
   89   86   85   81   78   74   70   69   69   70   72   74   74   75   74   77
   79   81   85   89   96  104  111  115  117  119  120  124  128  131  132  131
  128  126  124  123  122  123  124  126  126
    35.0-180.0 180.0   5.0 450.0                            LAT/LON1/LON2/DLON/H
  125  124  121  118  113  107   99   91   84   77   70   65   60   58   58   58
   59   63   69   76   83   87   89   90   89   88   89   90   91   92   92   90
   88   85   82   78   73   69   65   64   66   69   71   73   74   75   75   76
   78   81   85   90   98  107  115  121  123  124  126  129  132  135  136  135
  134  132  130  127  125  124  124  125  125
    32.5-180.0 180.0   5.0 450.0                            LAT/LON1/LON2/DLON/H
  125  122  119  115  112  107  101   95   88   81   75   70   67   66   65   67
   68   71   77   83   88   90   92   93   92   90   90   90   91   91   90   88
   86   82   79   74   69   65   62   63   66   69   72   73   74   74   74   74
   76   79   83   89   99  109  119  125  129  130  131  134  137  139  141  142
  143  142  140  136  132  128  127  126  125
    30.0-180.0 180.0   5.0 450.0                            LAT/LON1/LON2/DLON/H
  130  123  118  113  110  107  102   97   90   84   79   74   72   72   73   75
   77   80   83   86   88   90   91   92   91   90   88   88   88   87   87   85
   82   79   75   71   66   63   62   64   68   71   72   72   72   71   71   71
   73   76   82   88   98  110  121  129  134  136  137  140  143  146  149  152
  155  157  157  152  145  140  136  134  130
    27.5-180.0 180.0   5.0 450.0                            LAT/LON1/LON2/DLON/H
  145  135  125  119  115  111  108  102   94   86   80   77   76   77   79   82
   84   86   87   87   86   86   87   89   88   87   85   85   84   84   84   82
   79   75   71   68   65   63   64   67   70   72   72   70   69   68   66   66
   68   73   79   87   97  110  123  133  139  142  145  148  151  155  158  164
  169  176  178  175  168  161  156  152  145
    25.0-180.0 180.0   5.0 450.0                            LAT/LON1/LON2/DLON/H
  173  159  145  136  130  125  121  114  102   91   82   78   78   79   83   86
   89   89   88   85   82   80   82   83   83   82   81   81   82   82   81   79
   75   72   68   66   65   65   67   71   73   72   70   67   64   62   60   61
   64   70   79   87   97  111  125  137  145  151  155  158  162  166  170  177
  187  196  202  202  195  189  186  182  173
    22.5-180.0 180.0   5.0 450.0                            LAT/LON1/LON2/DLON/H
  211  195  180  168  160  154  147  135  119  101   88   81   79   81   84   87
   89   88   85   81   77   75   75   78   79   79   79   80   81   81   79   76
   73   70   67   65   65   66   69   72   73   70   65   61   57   55   54   55
   61   69   79   89   99  112  128  143  154  161  166  170  175  179  185  193
  204  215  225  227  223  220  221  220  211
    20.0-180.0 180.0   5.0 450.0                            LAT/LON1/LON2/DLON/H
  251  237  223  211  203  197  186  170  145  120  100   87   83   83   85   87
   86   83   80   76   72   70   71   74   76   78   79   81   83   82   79   76
   72   69   66   65   66   68   70   71   70   66   60   54   50   49   49   52
   59   70   82   92  102  116  133  150  163  172  180  185  190  195  200  208
  218  231  243  247  247  249  255  258  251
    17.5-180.0 180.0   5.0 450.0                            LAT/LON1/LON2/DLON/H
  288  278  267  259  254  248  237  215  183  148  119  100   91   89   88   86
   83   79   75   71   69   68   71   74   76   79   82   84   86   84   81   77
   73   70   68   67   67   68   69   68   66   61   54   49   46   45   45   50
   58   72   85   95  106  121  139  158  174  185  193  199  205  210  215  221
  230  242  252  259  262  270  282  291  288
    15.0-180.0 180.0   5.0 450.0                            LAT/LON1/LON2/DLON/H
  314  309  304  302  302  300  289  265  228  186  148  121  107  100   96   90
   83   77   74   71   71   72   76   79   81   83   86   89   90   88   84   80
   76   72   71   70   69   69   67   64   61   56   50   45   42   42   44   49
   60   75   90  101  112  127  146  167  184  196  205  212  219  224  228  233
  239  247  256  263  269  280  297  311  314
    12.5-180.0 180.0   5.0 450.0                            LAT/LON1/LON2/DLON/H
  325  326  328  334  340  343  335  310  271  224  180  149  130  118  109   99
   90   83   79   78   80   83   87   89   90   92   94   95   95   92   89   84
   80   77   75   73   71   69   65   61   57   52   47   43   41   41   44   51
   63   79   95  107  118  133  153  174  192  205  215  222  229  234  238  241
  245  250  256  261  269  283  302  319  325
    10.0-180.0 180.0   5.0 450.0                            LAT/LON1/LON2/DLON/H
  326  331  338  349  362  370  366  343  306  259  213  179  157  142  129  117
  105   98   94   95   99  103  105  104  103  102  102  102   99   97   93   90
   86   83   80   77   73   69   64   59   54   51   47   43   42   42   45   53
   66   83  100  113  125  140  159  180  197  210  221  228  235  241  245  247
  250  253  255  260  267  281  301  318  326
     7.5-180.0 180.0   5.0 450.0                            LAT/LON1/LON2/DLON/H
  322  329  338  352  368  379  377  358  326  284  241  208  185  168  152  138
  127  119  117  119  123  128  128  124  119  115  111  108  105  101   98   95
   92   88   84   80   75   69   63   58   54   51   48   46   44   45   47   56
   69   87  104  119  132  146  164  182  198  212  222  231  238  244  248  252
  255  257  258  260  267  280  297  312  322
     5.0-180.0 180.0   5.0 450.0                            LAT/LON1/LON2/DLON/H
  317  324  335  349  364  375  373  356  329  296  261  232  211  193  176  161
  150  144  142  145  150  154  151  143  135  127  120  114  108  104  101   99
   96   91   86   81   75   69   63   59   55   52   51   49   48   47   50   58
   72   90  108  124  138  151  167  182  196  208  219  229  237  244  249  254
  259  264  266  268  272  282  295  309  317
     2.5-180.0 180.0   5.0 450.0                            LAT/LON1/LON2/DLON/H
  317  325  335  347  358  365  360  343  321  297  272  251  232  214  197  181
  171  165  164  167  172  174  169  158  147  136  127  118  111  106  103  101
   97   91   85   79   73   68   64   59   57   55   54   52   51   50   53   61
   75   93  112  128  142  155  167  179  192  203  214  224  233  240  247  255
  264  271  276  279  282  289  300  310  317
