IONEX/igrg3540.16i
     1.0            IONOSPHERE MAPS     MIX                 IONEX VERSION / TYPE
tecrms2ionex_2.awk  GRL/UWM            12/20/16 2012UT      PGM / RUN BY / DATE
Global ionosphere maps for day 354, 2016 (19-12-2016)       DESCRIPTION
IONEX file containing the COMBINED IGS Ionosphere maps      DESCRIPTION
from the combination of the following IAACs:                DESCRIPTION
esrg                                                        DESCRIPTION
jprg                                                        DESCRIPTION
Contact address: Andrzej Krankowski                         DESCRIPTION
                 Geodynamics Research Laboratory            DESCRIPTION
                 University of Warmia and Mazury (GRL/UWM)  DESCRIPTION
                 Oczapowski St. 1                           DESCRIPTION
                 10-957-Olsztyn, POLAND                     DESCRIPTION
                 e-mail:  kand@uwm.edu.pl                   DESCRIPTION
                                                            DESCRIPTION
  2016    12    19     0     0     0                        EPOCH OF FIRST MAP
  2016    12    20     0     0     0                        EPOCH OF LAST MAP
  7200                                                      INTERVAL
    13                                                      # OF MAPS IN FILE
  COSZ                                                      MAPPING FUNCTION
     0.0                                                    ELEVATION CUTOFF
Combined TEC calculated as weighted mean of input TEC valuesOBSERVABLES USED
   285                                                      # OF STATIONS
     0                                                      # OF SATELLITES
  6371.0                                                    BASE RADIUS
     2                                                      MAP DIMENSION
   450.0 450.0   0.0                                        HGT1 / HGT2 / DHGT
    87.5 -87.5  -2.5                                        LAT1 / LAT2 / DLAT
  -180.0 180.0   5.0                                        LON1 / LON2 / DLON
    -1                                                      EXPONENT
TEC values in  0.1 TECUs; 9999 if no value available        COMMENT
DCB values in nanoseconds, reference is Sum_of_SatDCBs = 0  COMMENT
                                                            END OF HEADER
     1                                                      START OF TEC MAP
  2016    12    19     0     0     0                        EPOCH OF CURRENT MAP
    87.5-180.0 180.0   5.0 450.0                            LAT/LON1/LON2/DLON/H
   33   32   32   32   31   31   31   30   30   30   29   29   28   28   28   27
   27   27   26   26   26   25   25   25   25   25   26   26   26   26   26   27
   27   27   28   28   29   30   30   31   32   32   32   33   33   34   34   34
   35   35   35   36   36   36   36   36   36   36   35   35   35   35   35   35
   35   34   34   34   34   34   33   33   33
    85.0-180.0 180.0   5.0 450.0                            LAT/LON1/LON2/DLON/H
   33   32   32   32   32   31   31   30   29   29   28   27   26   25   25   24
   23   22   21   21   20   19   19   19   19   19   19   19   20   20   21   22
   23   24   24   26   27   28   29   30   31   32   33   34   34   35   36   36
   37   37   38   38   38   37   38   38   38   37   37   37   37   37   36   36
   36   35   34   34   34   34   33   33   33
    82.5-180.0 180.0   5.0 450.0                            LAT/LON1/LON2/DLON/H
   31   31   31   31   30   30   30   29   29   28   27   26   25   24   23   21
   20   19   17   16   15   14   13   13   13   13   13   14   15   16   17   18
   19   21   23   24   26   27   28   29   30   32   33   34   34   35   36   36
   37   37   37   38   38   38   38   38   37   37   36   36   35   35   34   34
   33   32   32   32   31   31   31   31   31
    80.0-180.0 180.0   5.0 450.0                            LAT/LON1/LON2/DLON/H
   28   29   29   29   30   30   29   29   29   29   28   27   26   24   23   21
   19   17   15   14   13   12   10   10   10   10   10   11   12   13   15   16
   19   20   22   24   25   27   28   30   31   32   33   33   33   34   34   34
   35   35   35   35   36   36   35   35   35   34   34   32   32   31   30   30
   29   28   28   28   27   28   28   28   28
    77.5-180.0 180.0   5.0 450.0                            LAT/LON1/LON2/DLON/H
   26   27   28   29   29   30   30   30   30   29   29   28   27   25   24   22
   21   18   17   15   14   12   11   11   11   11   11   12   12   14   15   17
   19   21   23   25   27   28   29   30   31   31   31   31   31   31   31   31
   31   31   31   31   31   31   31   30   30   29   28   28   27   26   25   25
   24   24   23   24   24   24   24   25   26
    75.0-180.0 180.0   5.0 450.0                            LAT/LON1/LON2/DLON/H
   26   27   29   29   30   31   31   31   31   31   30   29   28   27   26   24
   23   21   20   19   17   16   15   14   14   14   14   15   15   16   18   19
   21   22   24   26   28   29   30   30   30   30   29   28   27   26   25   25
   24   24   24   24   24   24   24   24   24   24   23   23   22   21   20   20
   20   20   20   20   20   22   23   24   26
    72.5-180.0 180.0   5.0 450.0                            LAT/LON1/LON2/DLON/H
   28   30   32   33   33   33   33   33   32   32   31   30   29   28   27   27
   25   25   24   23   22   21   21   20   20   20   20   19   20   20   20   20
   21   23   25   26   27   29   29   30   29   27   26   24   22   20   19   18
   18   18   18   18   18   19   19   20   19   19   18   18   18   18   17   17
   17   17   18   19   21   22   24   27   28
    70.0-180.0 180.0   5.0 450.0                            LAT/LON1/LON2/DLON/H
   35   36   38   38   38   37   36   35   34   33   32   31   30   29   28   28
   28   28   28   28   28   28   27   27   26   26   25   24   23   22   21   21
   22   22   23   25   26   27   27   27   26   24   22   19   18   16   14   13
   13   13   14   14   15   15   16   16   16   16   16   17   16   16   16   17
   17   18   19   21   24   26   29   32   35
    67.5-180.0 180.0   5.0 450.0                            LAT/LON1/LON2/DLON/H
   42   45   45   45   44   43   41   39   37   35   33   32   30   29   29   29
   29   30   30   31   31   31   31   31   31   30   29   27   25   24   22   20
   20   20   21   22   23   24   24   24   23   21   19   16   14   12   12   11
   11   11   12   13   14   14   15   15   15   16   16   17   17   18   19   20
   21   23   24   27   30   33   37   40   42
    65.0-180.0 180.0   5.0 450.0                            LAT/LON1/LON2/DLON/H
   52   54   54   53   52   49   46   44   41   38   35   33   31   29   28   28
   29   30   30   31   32   32   33   32   32   31   30   28   25   23   21   19
   18   16   17   18   19   20   21   21   20   19   18   16   15   13   13   13
   13   14   15   16   17   18   18   18   18   19   20   21   22   23   25   27
   29   31   32   35   38   42   46   49   52
    62.5-180.0 180.0   5.0 450.0                            LAT/LON1/LON2/DLON/H
   60   62   62   61   58   55   52   49   45   41   38   35   32   30   29   28
   28   29   29   29   30   30   29   30   29   29   28   26   24   22   19   17
   15   14   14   15   17   18   19   20   20   20   19   19   18   18   18   19
   20   22   23   24   24   25   25   24   23   24   25   26   28   31   34   36
   39   41   42   45   48   51   55   58   60
    60.0-180.0 180.0   5.0 450.0                            LAT/LON1/LON2/DLON/H
   68   68   68   67   64   61   58   54   50   46   42   38   35   32   30   28
   27   27   27   27   26   26   25   24   24   24   24   24   22   21   18   17
   15   14   14   15   16   18   19   21   22   23   24   25   26   27   28   29
   31   32   33   34   34   34   33   32   31   31   32   34   37   40   43   47
   50   52   54   56   58   60   63   65   68
    57.5-180.0 180.0   5.0 450.0                            LAT/LON1/LON2/DLON/H
   72   73   72   71   69   66   63   59   55   51   47   43   39   36   33   29
   27   25   25   23   22   21   20   19   19   19   20   22   22   21   20   19
   18   17   18   18   19   21   22   25   27   30   32   35   37   39   41   42
   43   44   45   46   45   44   43   41   40   40   41   43   46   50   54   58
   61   63   65   66   67   68   70   71   72
    55.0-180.0 180.0   5.0 450.0                            LAT/LON1/LON2/DLON/H
   77   77   76   75   72   69   66   63   60   57   53   49   45   41   37   32
   29   26   24   21   19   17   15   15   15   16   18   21   23   25   25   25
   24   24   24   25   26   27   29   31   34   39   43   46   50   53   54   55
   55   56   56   57   56   55   53   50   48   48   49   52   55   60   65   69
   73   74   75   76   76   76   76   77   77
    52.5-180.0 180.0   5.0 450.0                            LAT/LON1/LON2/DLON/H
   82   81   81   79   76   73   70   67   65   62   59   56   51   47   42   37
   32   28   24   22   19   17   16   15   15   16   20   24   28   30   32   32
   33   33   33   34   35   35   37   40   44   48   53   58   61   64   66   67
   66   66   66   67   66   65   62   59   57   56   58   61   65   70   75   80
   82   84   86   86   85   84   83   82   82
    50.0-180.0 180.0   5.0 450.0                            LAT/LON1/LON2/DLON/H
   88   87   87   85   82   78   75   72   70   68   65   62   58   53   48   42
   36   31   27   24   22   19   17   17   18   20   24   30   34   38   40   41
   42   43   44   45   45   45   47   49   53   58   63   67   72   74   76   75
   74   74   74   74   75   73   71   67   65   64   66   70   75   79   85   89
   92   94   95   96   95   92   90   88   88
    47.5-180.0 180.0   5.0 450.0                            LAT/LON1/LON2/DLON/H
   96   96   95   93   89   85   81   78   75   73   71   68   64   59   53   47
   41   36   32   29   27   26   24   23   25   28   33   38   43   47   49   50
   51   52   54   55   55   55   55   57   61   65   70   74   78   81   82   82
   80   79   80   81   82   81   78   74   72   72   74   78   83   89   94   97
  100  103  104  105  104  101   98   97   96
    45.0-180.0 180.0   5.0 450.0                            LAT/LON1/LON2/DLON/H
  105  105  105  103   99   95   90   85   82   80   77   73   69   64   58   52
   46   40   37   36   35   34   34   34   36   40   44   49   53   56   57   58
   59   60   62   63   64   63   62   63   66   70   74   78   81   85   87   86
   84   83   83   85   86   86   83   80   78   79   81   86   91   95  100  104
  106  110  112  113  112  110  107  105  105
    42.5-180.0 180.0   5.0 450.0                            LAT/LON1/LON2/DLON/H
  113  113  115  114  111  105  100   94   90   87   82   78   74   68   63   57
   51   46   43   42   43   44   46   48   51   54   58   60   62   63   63   63
   64   66   68   69   69   68   66   66   68   71   76   79   83   86   88   89
   86   84   85   86   89   89   87   84   83   84   88   92   97  102  105  108
  112  115  118  120  119  117  115  113  113
    40.0-180.0 180.0   5.0 450.0                            LAT/LON1/LON2/DLON/H
  119  121  123  123  121  116  109  104   98   93   88   83   77   72   67   61
   55   50   48   48   50   54   57   62   66   69   71   71   70   69   67   67
   67   69   71   72   72   70   68   67   68   71   75   78   82   86   89   89
   87   84   84   86   89   90   89   87   86   88   92   97  101  105  108  112
  114  118  121  124  124  123  121  119  119
    37.5-180.0 180.0   5.0 450.0                            LAT/LON1/LON2/DLON/H
  123  124  126  129  128  123  117  111  105   99   93   87   81   76   71   65
   60   55   52   53   56   61   67   73   78   81   81   80   77   73   70   69
   68   70   71   72   72   69   68   67   68   71   74   77   81   85   88   88
   86   83   82   84   87   88   87   86   87   90   95  101  105  108  110  113
  116  120  124  126  127  127  125  124  123
    35.0-180.0 180.0   5.0 450.0                            LAT/LON1/LON2/DLON/H
  125  124  127  130  130  127  121  115  110  104   98   91   85   80   75   70
   64   59   56   56   60   65   74   81   87   90   88   85   81   76   72   71
   70   70   71   71   70   68   67   67   69   70   73   77   80   84   86   86
   83   80   78   80   83   84   84   84   86   91   97  104  108  110  112  115
  118  123  126  129  130  131  130  127  125
    32.5-180.0 180.0   5.0 450.0                            LAT/LON1/LON2/DLON/H
  127  123  123  126  128  125  120  116  112  107  101   95   89   84   80   75
   70   64   59   58   61   67   76   84   91   92   90   86   82   78   74   73
   72   72   71   71   69   68   67   68   69   70   73   75   79   82   84   83
   80   75   73   75   77   79   79   81   84   91   99  106  111  113  116  118
  122  127  131  134  136  137  137  133  127
    30.0-180.0 180.0   5.0 450.0                            LAT/LON1/LON2/DLON/H
  133  125  123  124  124  120  116  114  112  109  104   98   93   89   85   82
   77   70   63   59   60   67   75   83   89   91   88   84   81   78   77   76
   75   75   73   72   70   69   68   69   70   71   72   74   77   79   80   78
   74   70   68   69   71   73   74   77   83   91  102  110  116  118  121  124
  130  135  140  143  145  148  148  143  133
    27.5-180.0 180.0   5.0 450.0                            LAT/LON1/LON2/DLON/H
  147  136  130  128  125  119  113  111  110  109  105  101   97   94   90   88
   83   75   67   61   60   66   74   81   86   87   84   81   80   80   80   80
   81   80   77   74   72   70   70   71   71   72   72   72   74   75   75   72
   68   63   62   63   65   67   69   73   80   91  104  115  121  125  129  134
  141  148  154  157  161  164  165  159  147
    25.0-180.0 180.0   5.0 450.0                            LAT/LON1/LON2/DLON/H
  171  157  147  142  136  126  117  113  112  111  107  104  101   98   96   93
   89   82   72   63   62   66   72   78   83   83   81   79   79   81   83   85
   87   86   82   77   73   72   71   72   71   71   70   70   70   70   69   65
   61   57   56   58   60   62   65   70   79   92  107  120  128  133  139  146
  155  164  171  175  180  185  187  182  171
    22.5-180.0 180.0   5.0 450.0                            LAT/LON1/LON2/DLON/H
  201  188  176  168  159  146  132  123  119  116  112  108  105  103  100   98
   94   87   76   69   67   69   73   78   81   83   81   80   80   82   86   91
   93   91   86   79   75   73   72   71   71   70   68   67   66   65   63   59
   54   51   52   54   57   59   62   68   79   94  110  125  135  143  150  160
  171  181  189  194  200  207  212  210  201
    20.0-180.0 180.0   5.0 450.0                            LAT/LON1/LON2/DLON/H
  235  224  212  205  197  181  160  143  134  127  120  115  111  107  104  102
   98   90   82   75   73   74   76   80   83   86   86   85   83   86   90   94
   98   96   89   81   75   72   71   70   69   67   66   64   63   60   58   53
   49   47   48   51   54   56   61   68   80   96  113  129  142  152  162  174
  187  198  206  212  219  228  236  238  235
    17.5-180.0 180.0   5.0 450.0                            LAT/LON1/LON2/DLON/H
  263  258  250  244  240  225  199  174  156  144  133  125  119  113  108  104
  100   94   87   81   79   79   81   83   87   92   94   92   89   90   94   98
  100   99   91   81   75   71   68   68   67   66   64   62   60   57   54   50
   46   46   47   51   53   55   60   68   82   98  116  133  148  160  174  187
  201  213  221  226  233  243  254  262  263
    15.0-180.0 180.0   5.0 450.0                            LAT/LON1/LON2/DLON/H
  284  284  280  280  281  270  241  207  183  166  152  139  128  119  112  106
  102   96   90   87   85   84   85   88   93   99  104  101   97   96   98  101
  102   99   90   81   74   70   67   66   66   65   64   62   60   56   53   48
   45   46   48   51   52   55   60   71   84  101  119  136  153  168  183  199
  213  224  231  236  242  252  265  277  284
    12.5-180.0 180.0   5.0 450.0                            LAT/LON1/LON2/DLON/H
  293  297  298  304  313  307  278  240  211  191  173  155  141  128  118  111
  105   99   93   90   89   88   89   92   98  107  112  110  105  103  102  102
  101   97   91   83   75   70   67   66   66   66   65   64   61   57   53   49
   47   48   50   52   53   55   61   73   88  104  122  140  157  174  191  207
  221  231  237  241  246  255  268  282  293
    10.0-180.0 180.0   5.0 450.0                            LAT/LON1/LON2/DLON/H
  292  298  302  314  329  329  303  265  236  214  194  174  155  139  127  117
  110  102   96   91   90   90   92   96  104  113  119  117  114  112  109  105
  101   98   92   86   79   74   71   70   69   69   68   66   64   61   56   52
   51   52   54   54   54   56   63   76   92  108  125  142  160  177  195  211
  225  235  241  243  247  255  267  281  292
     7.5-180.0 180.0   5.0 450.0                            LAT/LON1/LON2/DLON/H
  287  292  299  312  330  335  314  282  255  236  215  192  170  152  138  128
  119  109   99   93   90   91   94  100  108  118  123  122  121  121  116  109
  104  100   96   92   87   82   78   77   75   74   73   71   69   65   61   57
   55   57   57   56   55   57   66   79   96  112  128  145  162  179  196  212
  226  237  242  245  248  256  266  278  287
     5.0-180.0 180.0   5.0 450.0                            LAT/LON1/LON2/DLON/H
  283  287  291  304  321  328  315  289  267  250  232  209  187  167  152  141
  131  118  105   96   92   92   98  105  113  120  124  125  127  129  124  115
  109  107  105  102   98   93   89   86   84   81   79   76   74   71   66   62
   60   61   60   57   56   59   69   84  100  116  131  147  163  179  195  211
  225  237  244  248  251  259  267  277  283
     2.5-180.0 180.0   5.0 450.0                            LAT/LON1/LON2/DLON/H
  286  286  287  296  311  318  310  291  275  261  245  225  203  184  169  158
  147  133  116  103   97   97  103  110  118  122  124  125  130  134  131  122
  118  117  118  116  111  107  103   99   93   88   84   82   79   76   72   67
   65   64   62   59   58   62   73   88  105  119  134  148  163  177  192  208
  223  236  245  251  257  265  274  282  286
