IONEX/igsg1570.02i
     1.0            IONOSPHERE MAPS     MIX                 IONEX VERSION / TYPE
tecrms2ionex_2.awk  gAGE/UPC            12/05/07  012UT     PGM / RUN BY / DATE
Global ionosphere maps for day 157, 2002 ( 6- 6-2002)       DESCRIPTION
IONEX file containing the COMBINED IGS Ionosphere maps      DESCRIPTION
from the combination of the following IAACs:                DESCRIPTION
codg                                                        DESCRIPTION
emrg                                                        DESCRIPTION
esag                                                        DESCRIPTION
jplg                                                        DESCRIPTION
upcg                                                        DESCRIPTION
Contact address: Manuel Hernandez-Pajares                   DESCRIPTION
                 Res. group of Astronomy and Geomatics      DESCRIPTION
                 Technical Univ. of Catalonia (gAGE/UPC)    DESCRIPTION
                 Mod. C3 Campus Nord UPC                    DESCRIPTION
                 E08034-Barcelona, SPAIN                    DESCRIPTION
                 e-mail:  manuel@mat.upc.es                 DESCRIPTION
                                                            DESCRIPTION
Validation with TOPEX: <TEC_TOPEX - TEC_GPS>  [TECU]        DESCRIPTION
         (reference day of year: 157)                       DESCRIPTION
                                                            DESCRIPTION
           Bias   Sigma     RMS    VTEC   %ERR    #OBS      DESCRIPTION
           0.68    4.65    4.70   23.76   19.8   44454      DESCRIPTION
                                                            DESCRIPTION
UT(hours)  Bias   Sigma     RMS    VTEC   %ERR    #OBS      DESCRIPTION
   2.00    2.10    4.02    4.54   21.54   21.1    3015      DESCRIPTION
   4.00   -0.27    4.32    4.33   25.67   16.9    4223      DESCRIPTION
   6.00   -0.57    5.58    5.61   27.81   20.2    4010      DESCRIPTION
   8.00   -1.40    6.27    6.43   26.02   24.7    4031      DESCRIPTION
  10.00    0.50    4.35    4.38   22.20   19.7    3540      DESCRIPTION
  12.00    2.74    4.58    5.34   22.28   24.0    4231      DESCRIPTION
  14.00    0.84    3.84    3.93   22.19   17.7    4583      DESCRIPTION
  16.00    1.33    3.05    3.32   20.10   16.5    3462      DESCRIPTION
  18.00    1.58    2.57    3.02   21.66   13.9    3841      DESCRIPTION
  20.00    0.82    4.70    4.77   26.36   18.1    5239      DESCRIPTION
  22.00    0.18    4.77    4.77   23.66   20.2    4279      DESCRIPTION
                                                            DESCRIPTION
Lat(deg)   Bias   Sigma     RMS    VTEC   %ERR    #OBS      DESCRIPTION
 -60.00    1.94    2.74    3.35    8.33   40.3    9609      DESCRIPTION
 -40.00    2.19    2.11    3.04    9.88   30.8    9034      DESCRIPTION
 -20.00    0.68    5.24    5.29   20.41   25.9    7017      DESCRIPTION
   0.00   -1.58    7.99    8.15   39.09   20.8    5961      DESCRIPTION
  20.00   -1.34    4.09    4.30   46.53    9.2    5118      DESCRIPTION
  40.00   -0.30    4.17    4.18   38.54   10.8    4621      DESCRIPTION
  60.00    1.52    2.32    2.77   30.57    9.1    3094      DESCRIPTION
  2002     6     6     1     0     0                        EPOCH OF FIRST MAP
  2002     6     6    23     0     0                        EPOCH OF LAST MAP
  7200                                                      INTERVAL
    12                                                      # OF MAPS IN FILE
  COSZ                                                      MAPPING FUNCTION
     0.0                                                    ELEVATION CUTOFF
Combined TEC calculated as weighted mean of input TEC valuesOBSERVABLES USED
   193                                                      # OF STATIONS
    28                                                      # OF SATELLITES
  6371.0                                                    BASE RADIUS
     2                                                      MAP DIMENSION
   450.0 450.0   0.0                                        HGT1 / HGT2 / DHGT
    87.5 -87.5  -2.5                                        LAT1 / LAT2 / DLAT
  -180.0 180.0   5.0                                        LON1 / LON2 / DLON
    -1                                                      EXPONENT
TEC values in  0.1 TECUs; 9999 if no value available        COMMENT
DCB values in nanoseconds, reference is Sum_of_SatDCBs = 0  COMMENT
                                                            END OF HEADER
[from data line 3861]
    10                                                      START OF TEC MAP
  2002     6     6    19     0     0                        EPOCH OF CURRENT MAP
    87.5-180.0 180.0   5.0 450.0                            LAT/LON1/LON2/DLON/H
  231  232  229  228  229  231  234  237  239  238  238  237  238  235  237  238
  240  241  242  243  245  246  248  249  252  251  250  249  248  247  248  246
  246  243  242  252  267  239  239  246  252  250  248  245  242  241  237  236
  235  235  234  234  232  232  232  231  230  229  228  228  228  227  227  227
  229  226  226  226  226  226  227  228  231
    85.0-180.0 180.0   5.0 450.0                            LAT/LON1/LON2/DLON/H
  219  221  222  224  227  228  229  231  232  234  236  237  237  238  239  238
  239  242  244  246  248  251  254  255  256  256  256  254  253  252  252  258
  252  243  241  239  239  242  248  250  248  246  243  241  237  236  235  233
  232  231  230  228  226  225  223  221  219  218  218  217  216  216  216  217
  215  215  215  215  215  215  216  217  219
    82.5-180.0 180.0   5.0 450.0                            LAT/LON1/LON2/DLON/H
  212  213  215  218  222  226  228  229  231  233  235  237  239  240  249  251
  252  251  247  249  250  252  257  259  260  258  257  256  254  253  251  250
  248  246  243  241  242  244  244  242  239  238  234  234  232  231  230  229
  227  226  225  223  220  218  215  212  211  209  208  208  207  206  207  207
  206  206  207  207  207  208  209  210  212
    80.0-180.0 180.0   5.0 450.0                            LAT/LON1/LON2/DLON/H
  210  212  213  216  220  224  227  229  230  232  235  237  241  244  247  257
  252  262  265  264  260  257  260  261  261  260  258  255  253  251  248  246
  244  243  242  242  241  239  237  236  232  231  229  228  227  226  226  225
  223  222  220  219  216  213  211  208  206  205  204  203  202  202  202  202
  202  203  204  204  206  205  207  208  210
    77.5-180.0 180.0   5.0 450.0                            LAT/LON1/LON2/DLON/H
  212  215  216  218  221  223  226  228  231  234  237  239  243  246  251  254
  258  268  270  267  267  270  267  260  255  252  250  247  243  240  239  237
  236  235  234  234  233  232  229  229  227  226  224  223  222  222  222  221
  220  219  218  216  215  213  210  208  206  205  204  203  203  203  203  204
  205  206  206  206  207  208  209  211  212
    75.0-180.0 180.0   5.0 450.0                            LAT/LON1/LON2/DLON/H
  221  224  224  224  225  227  230  231  235  238  242  245  249  252  256  260
  266  269  270  275  275  278  270  265  255  249  245  241  239  235  232  230
  230  229  228  227  226  225  224  224  223  222  221  220  220  220  220  220
  220  220  219  218  217  216  214  212  210  209  209  208  209  210  211  213
  216  217  216  217  218  219  221  220  221
    72.5-180.0 180.0   5.0 450.0                            LAT/LON1/LON2/DLON/H
  236  237  235  235  237  239  240  240  244  246  249  252  257  260  265  269
  276  279  279  280  281  273  270  266  259  251  244  240  235  232  230  228
  227  226  225  225  224  223  222  221  222  221  221  221  222  223  224  225
  225  225  224  223  224  223  221  220  219  217  218  218  219  221  224  227
  230  232  232  232  234  235  234  234  236
    70.0-180.0 180.0   5.0 450.0                            LAT/LON1/LON2/DLON/H
  254  253  250  250  253  256  254  255  257  259  261  264  269  274  280  283
  291  292  291  290  283  275  272  268  263  255  248  242  238  234  231  229
  228  228  227  227  226  225  224  225  225  226  226  228  229  230  231  232
  232  232  231  231  231  230  229  228  228  228  227  228  230  233  237  241
  245  248  249  250  252  253  252  253  254
    67.5-180.0 180.0   5.0 450.0                            LAT/LON1/LON2/DLON/H
  274  273  269  268  272  274  274  273  272  273  276  279  283  289  293  296
  302  302  300  296  288  282  279  273  268  261  255  249  245  242  239  239
  238  236  235  234  233  233  232  233  232  233  235  236  239  239  240  240
  240  240  238  237  237  235  234  233  233  233  233  235  239  243  248  254
  259  264  265  268  272  273  273  274  274
    65.0-180.0 180.0   5.0 450.0                            LAT/LON1/LON2/DLON/H
  293  293  289  290  292  291  290  288  287  287  290  293  297  301  304  304
  308  308  305  301  295  291  288  283  275  268  263  259  257  254  252  252
  253  251  249  246  245  243  243  243  243  244  245  246  249  249  249  249
  248  246  244  243  240  237  235  233  232  233  235  237  242  247  255  263
  270  275  281  285  289  292  293  294  293
    62.5-180.0 180.0   5.0 450.0                            LAT/LON1/LON2/DLON/H
  308  308  306  307  306  306  305  301  299  298  300  303  306  309  308  310
  312  312  309  307  304  301  299  294  287  281  276  273  271  270  270  269
  269  267  265  262  260  258  256  257  256  256  257  257  259  258  258  256
  255  252  249  247  243  239  236  234  234  234  234  236  240  248  257  268
  276  282  289  295  300  303  308  309  308
    60.0-180.0 180.0   5.0 450.0                            LAT/LON1/LON2/DLON/H
  318  318  317  314  312  315  315  312  308  306  306  309  312  314  314  314
  315  314  312  311  311  309  308  305  300  297  294  290  289  288  287  286
  286  284  282  279  277  273  271  268  269  268  268  268  268  267  265  263
  260  256  253  251  247  242  238  236  236  235  237  236  239  249  260  271
  280  288  293  300  307  312  316  317  318
    57.5-180.0 180.0   5.0 450.0                            LAT/LON1/LON2/DLON/H
  323  324  322  317  316  319  319  316  314  311  310  312  314  315  316  316
  316  315  314  314  315  314  315  314  310  309  308  307  307  307  307  304
  305  302  299  296  293  288  286  282  280  279  278  277  277  275  272  269
  265  261  256  253  249  243  238  236  235  234  234  236  240  249  261  271
  281  291  294  302  308  316  319  320  323
    55.0-180.0 180.0   5.0 450.0                            LAT/LON1/LON2/DLON/H
  328  329  327  322  319  321  320  318  317  313  311  314  316  318  318  319
  318  316  315  315  316  317  318  321  320  320  320  321  323  325  325  323
  320  319  317  313  309  304  299  294  292  289  289  287  286  283  279  274
  270  264  258  253  247  242  237  234  232  231  230  234  238  246  257  267
  278  288  294  301  310  318  322  325  328
    52.5-180.0 180.0   5.0 450.0                            LAT/LON1/LON2/DLON/H
  336  338  336  330  326  324  322  319  318  317  315  316  319  323  324  324
  322  320  318  317  318  319  321  325  329  330  332  335  338  340  341  339
  336  336  333  329  323  319  314  307  304  302  299  296  294  290  284  278
  272  266  259  253  248  242  238  234  232  231  230  231  235  242  252  262
  274  285  293  302  314  322  327  332  336
    50.0-180.0 180.0   5.0 450.0                            LAT/LON1/LON2/DLON/H
  349  350  346  340  335  330  327  322  321  320  320  322  326  330  332  333
  332  330  327  324  324  325  328  333  337  338  342  347  351  354  355  354
  351  351  348  343  338  334  328  322  317  313  309  306  301  295  288  281
  275  267  260  256  251  246  242  239  237  236  235  235  236  242  250  259
  271  283  296  307  318  328  336  344  349
    47.5-180.0 180.0   5.0 450.0                            LAT/LON1/LON2/DLON/H
  363  364  358  351  346  339  334  329  328  326  328  331  337  343  344  346
  347  345  341  337  334  334  337  341  344  346  350  357  362  364  367  367
  364  363  361  357  352  348  343  336  329  325  319  313  308  302  294  286
  278  270  263  259  256  254  251  248  246  244  243  241  243  246  252  261
  271  282  298  312  325  338  348  358  363
    45.0-180.0 180.0   5.0 450.0                            LAT/LON1/LON2/DLON/H
  379  378  371  364  357  350  346  343  341  337  339  344  351  355  361  365
  367  367  360  355  349  347  349  352  354  355  361  368  373  374  379  381
  379  377  378  375  371  365  356  349  342  335  329  322  315  308  300  292
  283  276  270  265  264  263  262  260  256  254  251  248  250  252  256  263
  272  282  298  314  331  347  362  372  379
    42.5-180.0 180.0   5.0 450.0                            LAT/LON1/LON2/DLON/H
  390  391  385  379  372  365  363  360  357  352  354  360  368  373  381  387
  392  394  390  380  372  367  367  368  369  372  378  385  387  387  393  396
  395  394  397  395  389  382  373  364  356  347  339  331  324  316  307  298
  291  284  280  277  276  277  275  271  266  263  258  256  255  258  260  265
  272  282  295  315  335  353  370  383  390
    40.0-180.0 180.0   5.0 450.0                            LAT/LON1/LON2/DLON/H
  397  401  399  395  390  383  382  377  374  371  371  376  387  393  402  411
  418  423  420  411  401  395  393  392  391  391  401  407  407  404  405  413
  414  416  418  414  409  401  390  380  370  360  351  343  336  329  319  311
  303  298  293  293  293  293  290  284  277  271  266  263  261  260  262  265
  272  282  295  315  335  353  371  387  397
    37.5-180.0 180.0   5.0 450.0                            LAT/LON1/LON2/DLON/H
  398  406  410  410  407  403  403  399  395  391  391  397  407  414  425  436
  445  454  452  444  436  429  426  422  419  420  430  433  431  428  427  433
  435  438  439  435  430  421  408  396  384  373  365  357  350  345  336  328
  321  316  311  310  310  310  307  300  290  281  274  269  267  266  265  267
  272  281  293  312  330  348  366  385  398
    35.0-180.0 180.0   5.0 450.0                            LAT/LON1/LON2/DLON/H
  395  406  417  422  426  426  426  424  419  417  418  422  432  441  452  461
  472  483  485  478  472  466  460  456  454  454  458  464  460  457  454  456
  459  462  463  458  451  441  424  411  398  387  380  374  368  362  354  345
  340  335  332  328  328  328  324  316  305  294  284  276  273  271  270  270
  273  281  291  306  322  339  358  379  395
    32.5-180.0 180.0   5.0 450.0                            LAT/LON1/LON2/DLON/H
  388  404  421  432  440  446  449  448  446  446  447  450  460  470  479  488
  499  512  518  513  508  501  495  491  491  491  493  496  493  488  485  487
  488  489  487  480  471  458  442  428  414  404  397  390  384  377  372  363
  357  354  353  347  345  345  340  332  320  307  294  285  280  276  272  271
  273  279  288  300  315  331  350  370  388
    30.0-180.0 180.0   5.0 450.0                            LAT/LON1/LON2/DLON/H
  383  403  421  438  452  462  468  472  473  478  480  482  489  500  507  516
  529  544  552  548  543  537  531  529  528  526  526  529  526  522  519  518
  517  514  509  501  489  475  459  443  429  418  409  403  397  390  385  376
  370  367  367  361  358  357  353  345  334  319  304  291  285  278  271  267
  267  272  282  296  310  326  346  363  383
    27.5-180.0 180.0   5.0 450.0                            LAT/LON1/LON2/DLON/H
  379  402  422  444  462  475  485  496  502  508  511  515  520  530  537  547
  560  579  586  581  577  572  568  566  564  559  556  555  557  553  551  551
  546  539  530  519  505  487  471  454  436  423  415  410  403  395  388  380
  373  370  369  365  362  361  358  350  338  323  307  292  279  270  263  259
  260  263  272  286  301  319  338  356  379
    25.0-180.0 180.0   5.0 450.0                            LAT/LON1/LON2/DLON/H
  372  399  424  449  471  486  498  514  526  534  541  547  553  559  565  579
  596  612  618  614  610  606  601  599  594  587  582  580  581  580  580  583
  578  566  553  536  521  497  480  459  434  418  409  403  396  387  378  370
  363  359  355  354  351  352  348  341  329  316  299  284  271  262  256  250
  251  252  259  271  289  308  328  349  372
    22.5-180.0 180.0   5.0 450.0                            LAT/LON1/LON2/DLON/H
  363  393  422  450  474  492  508  529  545  556  568  578  583  587  595  614
  631  645  650  646  643  638  632  627  620  607  598  597  596  600  605  615
  612  597  577  554  536  505  482  455  425  402  387  377  372  366  355  348
  342  337  330  329  326  328  327  321  312  302  286  273  261  252  245  239
  240  239  243  252  273  292  313  336  363
    20.0-180.0 180.0   5.0 450.0                            LAT/LON1/LON2/DLON/H
  353  382  413  445  470  491  511  536  557  572  589  601  606  614  627  645
  665  679  683  679  675  668  658  650  638  621  608  603  608  617  632  647
  645  625  598  565  541  506  473  438  399  370  348  335  336  335  323  320
  317  313  305  303  298  300  301  299  298  291  276  265  254  244  236  229
  224  224  225  233  247  274  296  321  353
    17.5-180.0 180.0   5.0 450.0                            LAT/LON1/LON2/DLON/H
  338  366  395  430  457  482  506  532  558  578  599  615  626  638  654  671
  690  706  711  709  703  695  683  669  654  632  616  607  612  632  656  674
  668  645  608  566  534  497  456  410  361  327  301  284  291  299  294  298
  298  295  288  282  278  277  279  283  288  283  271  260  248  237  230  223
  219  213  211  216  231  255  278  304  338
    15.0-180.0 180.0   5.0 450.0                            LAT/LON1/LON2/DLON/H
  322  349  378  412  438  467  492  519  549  573  597  621  636  653  671  688
  708  723  732  734  725  719  706  688  668  645  627  616  620  646  674  692
  682  653  609  563  524  481  433  380  322  283  257  243  255  270  278  287
  290  287  281  270  265  263  266  270  275  272  260  248  237  228  221  217
  211  205  200  203  216  238  262  289  322
    12.5-180.0 180.0   5.0 450.0                            LAT/LON1/LON2/DLON/H
  309  338  368  397  424  450  476  502  534  562  588  614  637  659  681  703
  724  738  748  750  747  736  719  700  678  658  642  632  636  656  690  704
  690  653  605  558  515  466  412  356  298  258  234  228  243  261  273  284
  290  287  279  267  259  252  252  256  257  253  243  231  221  213  209  206
  201  192  187  189  202  223  248  276  309
    10.0-180.0 180.0   5.0 450.0                            LAT/LON1/LON2/DLON/H
  299  332  362  390  417  441  465  487  516  545  573  602  631  658  688  714
  737  751  757  764  765  752  730  708  690  676  662  655  659  675  702  711
  695  655  601  554  509  456  401  350  300  262  244  243  257  272  284  292
  294  292  284  268  257  245  240  240  240  232  222  210  200  193  191  189
  186  178  171  172  186  208  234  265  299
     7.5-180.0 180.0   5.0 450.0                            LAT/LON1/LON2/DLON/H
  292  329  365  392  414  435  456  476  503  533  561  591  621  653  688  718
  742  758  765  769  770  756  736  719  706  697  686  681  683  695  713  717
  698  655  601  553  505  456  409  365  324  292  277  277  289  299  308  312
  310  303  290  273  258  244  236  229  224  212  200  187  177  172  170  168
  168  162  154  154  169  191  219  254  292
     5.0-180.0 180.0   5.0 450.0                            LAT/LON1/LON2/DLON/H
  290  331  366  395  417  436  456  473  497  526  554  582  613  642  678  710
  736  755  763  767  763  752  738  728  722  715  705  703  702  710  722  717
  695  654  602  555  507  469  433  394  360  335  322  325  332  342  344  339
  329  316  300  280  261  246  234  221  210  195  180  166  155  148  144  144
  146  143  137  138  151  175  206  248  290
     2.5-180.0 180.0   5.0 450.0                            LAT/LON1/LON2/DLON/H
  286  330  368  400  422  441  461  477  497  525  551  577  604  629  662  692
  718  738  749  755  753  745  736  730  728  725  721  714  709  714  721  713
  688  646  596  555  516  491  468  434  410  388  374  380  385  383  373  360
  342  326  307  284  262  245  228  210  194  177  163  149  135  126  122  121
  123  123  122  124  137  160  198  240  286
