IONEX/igsg1570.02i
     1.0            IONOSPHERE MAPS     MIX                 IONEX VERSION / TYPE
tecrms2ionex_2.awk  gAGE/UPC            12/05/07  012UT     PGM / RUN BY / DATE
Global ionosphere maps for day 157, 2002 ( 6- 6-2002)       DESCRIPTION
IONEX file containing the COMBINED IGS Ionosphere maps      DESCRIPTION
from the combination of the following IAACs:                DESCRIPTION
codg                                                        DESCRIPTION
emrg                                                        DESCRIPTION
esag                                                        DESCRIPTION
jplg                                                        DESCRIPTION
upcg                                                        DESCRIPTION
Contact address: Manuel Hernandez-Pajares                   DESCRIPTION
                 Res. group of Astronomy and Geomatics      DESCRIPTION
                 Technical Univ. of Catalonia (gAGE/UPC)    DESCRIPTION
                 Mod. C3 Campus Nord UPC                    DESCRIPTION
                 E08034-Barcelona, SPAIN                    DESCRIPTION
                 e-mail:  manuel@mat.upc.es                 DESCRIPTION
                                                            DESCRIPTION
Validation with TOPEX: <TEC_TOPEX - TEC_GPS>  [TECU]        DESCRIPTION
         (reference day of year: 157)                       DESCRIPTION
                                                            DESCRIPTION
           Bias   Sigma     RMS    VTEC   %ERR    #OBS      DESCRIPTION
           0.68    4.65    4.70   23.76   19.8   44454      DESCRIPTION
                                                            DESCRIPTION
UT(hours)  Bias   Sigma     RMS    VTEC   %ERR    #OBS      DESCRIPTION
   2.00    2.10    4.02    4.54   21.54   21.1    3015      DESCRIPTION
   4.00   -0.27    4.32    4.33   25.67   16.9    4223      DESCRIPTION
   6.00   -0.57    5.58    5.61   27.81   20.2    4010      DESCRIPTION
   8.00   -1.40    6.27    6.43   26.02   24.7    4031      DESCRIPTION
  10.00    0.50    4.35    4.38   22.20   19.7    3540      DESCRIPTION
  12.00    2.74    4.58    5.34   22.28   24.0    4231      DESCRIPTION
  14.00    0.84    3.84    3.93   22.19   17.7    4583      DESCRIPTION
  16.00    1.33    3.05    3.32   20.10   16.5    3462      DESCRIPTION
  18.00    1.58    2.57    3.02   21.66   13.9    3841      DESCRIPTION
  20.00    0.82    4.70    4.77   26.36   18.1    5239      DESCRIPTION
  22.00    0.18    4.77    4.77   23.66   20.2    4279      DESCRIPTION
                                                            DESCRIPTION
Lat(deg)   Bias   Sigma     RMS    VTEC   %ERR    #OBS      DESCRIPTION
 -60.00    1.94    2.74    3.35    8.33   40.3    9609      DESCRIPTION
 -40.00    2.19    2.11    3.04    9.88   30.8    9034      DESCRIPTION
 -20.00    0.68    5.24    5.29   20.41   25.9    7017      DESCRIPTION
   0.00   -1.58    7.99    8.15   39.09   20.8    5961      DESCRIPTION
  20.00   -1.34    4.09    4.30   46.53    9.2    5118      DESCRIPTION
  40.00   -0.30    4.17    4.18   38.54   10.8    4621      DESCRIPTION
  60.00    1.52    2.32    2.77   30.57    9.1    3094      DESCRIPTION
  2002     6     6     1     0     0                        EPOCH OF FIRST MAP
  2002     6     6    23     0     0                        EPOCH OF LAST MAP
  7200                                                      INTERVAL
    12                                                      # OF MAPS IN FILE
  COSZ                                                      MAPPING FUNCTION
     0.0                                                    ELEVATION CUTOFF
Combined TEC calculated as weighted mean of input TEC valuesOBSERVABLES USED
   193                                                      # OF STATIONS
    28                                                      # OF SATELLITES
  6371.0                                                    BASE RADIUS
     2                                                      MAP DIMENSION
   450.0 450.0   0.0                                        HGT1 / HGT2 / DHGT
    87.5 -87.5  -2.5                                        LAT1 / LAT2 / DLAT
  -180.0 180.0   5.0                                        LON1 / LON2 / DLON
    -1                                                      EXPONENT
TEC values in  0.1 TECUs; 9999 if no value available        COMMENT
DCB values in nanoseconds, reference is Sum_of_SatDCBs = 0  COMMENT
                                                            END OF HEADER
[from data line 858]
     3                                                      START OF TEC MAP
  2002     6     6     5     0     0                        EPOCH OF CURRENT MAP
    87.5-180.0 180.0   5.0 450.0                            LAT/LON1/LON2/DLON/H
  257  257  256  255  252  246  246  255  251  254  258  261  262  264  264  255
  255  255  254  253  252  252  250  249  249  247  247  246  245  244  244  243
  243  243  244  244  243  242  244  236  248  248  249  247  247  248  250  252
  254  255  255  256  256  255  256  257  257  256  257  257  257  256  256  256
  255  254  253  252  251  251  257  257  257
    85.0-180.0 180.0   5.0 450.0                            LAT/LON1/LON2/DLON/H
  251  250  249  249  250  247  245  244  243  244  248  252  254  256  257  258
  259  252  253  252  252  251  249  247  247  253  245  243  243  241  239  239
  239  239  239  238  236  236  240  240  243  242  242  243  244  246  248  251
  252  253  254  256  257  257  257  259  260  259  261  261  262  261  261  265
  263  263  261  259  258  256  254  253  251
    82.5-180.0 180.0   5.0 450.0                            LAT/LON1/LON2/DLON/H
  250  248  246  245  245  244  243  242  242  242  243  245  247  249  253  254
  255  256  257  258  258  259  257  255  253  251  249  245  243  242  235  235
  235  235  234  234  233  230  234  236  236  238  241  242  243  246  248  251
  252  253  255  258  260  261  262  263  265  265  267  267  268  271  270  269
  269  267  265  263  261  259  255  252  250
    80.0-180.0 180.0   5.0 450.0                            LAT/LON1/LON2/DLON/H
  251  248  245  243  241  239  238  237  236  237  237  239  241  243  245  247
  248  250  251  252  250  248  247  251  240  235  233  239  232  232  233  233
  234  235  234  233  235  237  238  239  240  240  243  247  249  250  252  254
  255  257  258  261  264  266  268  269  271  271  273  273  276  276  276  275
  274  272  271  268  264  262  257  254  251
    77.5-180.0 180.0   5.0 450.0                            LAT/LON1/LON2/DLON/H
  254  249  245  241  238  235  232  231  229  230  231  232  233  234  237  241
  244  246  248  246  245  242  243  238  232  232  231  229  229  229  229  230
  232  232  233  238  237  240  241  241  245  248  251  253  255  257  259  260
  261  263  265  266  270  272  273  274  276  276  278  278  280  281  281  280
  279  278  275  272  269  266  261  257  254
    75.0-180.0 180.0   5.0 450.0                            LAT/LON1/LON2/DLON/H
  257  252  248  243  239  234  231  227  225  224  223  223  223  224  226  229
  232  234  236  237  236  236  238  238  232  227  226  224  223  221  221  222
  222  226  230  235  238  241  244  247  251  255  257  261  262  263  264  266
  268  269  271  272  275  277  277  278  280  280  281  282  283  283  284  283
  282  280  278  275  272  269  265  261  257
    72.5-180.0 180.0   5.0 450.0                            LAT/LON1/LON2/DLON/H
  260  256  252  248  244  239  232  226  224  221  218  217  215  213  216  218
  220  222  224  227  229  231  234  234  231  226  224  220  216  214  211  213
  217  221  232  236  241  245  252  255  259  263  265  269  270  270  271  273
  275  276  277  278  281  281  281  282  282  282  283  284  285  285  285  284
  283  281  278  275  272  269  265  263  260
    70.0-180.0 180.0   5.0 450.0                            LAT/LON1/LON2/DLON/H
  262  260  257  254  250  244  236  232  226  221  218  213  209  208  208  208
  211  213  214  217  221  225  228  227  224  220  218  214  209  207  206  208
  214  223  228  239  247  251  257  264  268  271  274  275  276  276  278  280
  283  283  284  284  286  287  286  286  285  286  285  285  284  284  284  283
  281  278  275  272  270  268  265  264  262
    67.5-180.0 180.0   5.0 450.0                            LAT/LON1/LON2/DLON/H
  263  263  261  260  256  250  243  237  230  225  219  212  206  201  200  201
  202  202  202  207  211  216  218  218  216  210  205  205  202  201  203  210
  217  228  235  247  255  261  265  273  275  278  279  281  282  283  286  289
  291  292  292  291  293  294  292  291  290  289  287  286  284  282  280  279
  277  274  270  267  266  264  263  263  263
    65.0-180.0 180.0   5.0 450.0                            LAT/LON1/LON2/DLON/H
  263  264  263  263  261  256  251  245  238  230  223  213  205  198  194  192
  192  191  192  195  199  205  206  206  205  200  194  192  196  198  203  212
  225  235  246  256  263  270  274  280  282  282  284  286  288  290  292  296
  299  301  300  302  302  302  300  298  295  293  290  289  285  282  279  277
  274  270  267  264  262  261  261  262  263
    62.5-180.0 180.0   5.0 450.0                            LAT/LON1/LON2/DLON/H
  263  263  263  264  265  263  260  256  248  238  229  218  208  199  192  186
  183  181  182  183  188  193  194  194  194  189  186  185  192  198  206  217
  231  242  253  263  271  277  282  285  286  286  287  289  293  295  297  302
  306  308  310  311  312  311  309  307  305  302  298  296  291  287  282  279
  275  270  266  264  262  260  261  262  263
    60.0-180.0 180.0   5.0 450.0                            LAT/LON1/LON2/DLON/H
  263  262  262  264  267  267  265  263  257  247  238  228  216  204  192  185
  179  176  175  175  178  183  184  185  185  183  182  182  191  200  210  221
  235  247  259  269  276  282  287  289  290  291  292  293  297  299  301  306
  313  318  320  323  324  324  322  321  319  315  312  308  302  297  292  286
  280  275  270  268  265  264  264  263  263
    57.5-180.0 180.0   5.0 450.0                            LAT/LON1/LON2/DLON/H
  265  263  262  264  266  268  267  265  262  255  247  238  226  210  197  189
  182  175  171  170  171  174  176  178  179  179  181  182  191  201  211  223
  235  250  262  271  280  286  290  293  295  296  297  299  302  305  308  315
  324  330  334  338  339  340  340  339  337  334  329  324  317  310  304  297
  291  285  280  278  275  274  270  268  265
    55.0-180.0 180.0   5.0 450.0                            LAT/LON1/LON2/DLON/H
  273  270  266  265  266  268  268  266  263  259  253  247  235  220  207  196
  187  179  173  170  169  170  172  175  177  178  181  183  191  199  208  220
  232  246  260  271  280  288  294  297  301  302  304  306  311  316  320  328
  337  346  351  356  359  360  362  362  360  358  352  345  336  328  320  311
  305  300  296  292  289  289  283  279  273
    52.5-180.0 180.0   5.0 450.0                            LAT/LON1/LON2/DLON/H
  290  284  276  273  272  271  269  267  264  261  257  252  243  234  218  207
  195  186  179  175  173  174  174  176  178  180  184  187  191  196  204  214
  227  240  254  267  278  289  299  304  310  312  315  317  322  329  335  342
  353  363  370  377  381  382  386  388  388  386  379  373  361  351  341  331
  324  319  313  311  309  308  301  296  290
    50.0-180.0 180.0   5.0 450.0                            LAT/LON1/LON2/DLON/H
  311  303  294  291  287  280  276  273  270  264  262  258  251  243  228  216
  204  195  188  182  180  181  183  184  185  186  189  192  194  195  200  208
  220  233  247  263  278  292  305  314  320  326  330  332  337  345  352  359
  372  384  393  402  406  410  414  416  417  415  409  401  389  379  368  356
  346  341  333  333  332  331  324  317  311
    47.5-180.0 180.0   5.0 450.0                            LAT/LON1/LON2/DLON/H
  334  326  317  313  307  298  291  286  280  274  271  265  257  249  236  224
  213  203  197  191  189  190  193  194  194  196  198  200  199  199  199  206
  216  228  243  260  279  297  313  325  332  340  346  351  356  363  372  380
  394  408  418  429  435  441  445  447  446  443  437  429  419  407  395  384
  373  366  357  356  358  357  348  341  334
    45.0-180.0 180.0   5.0 450.0                            LAT/LON1/LON2/DLON/H
  358  350  341  338  332  321  313  305  297  287  281  272  262  251  240  229
  217  209  205  200  199  200  203  205  207  209  209  212  211  208  207  209
  215  226  243  260  281  301  319  334  344  355  361  369  376  384  394  406
  422  435  447  459  467  474  477  478  476  471  465  459  451  435  424  413
  401  393  384  383  384  381  371  365  358
    42.5-180.0 180.0   5.0 450.0                            LAT/LON1/LON2/DLON/H
  381  375  367  364  357  346  336  324  312  300  289  278  265  252  241  229
  219  213  211  208  209  212  214  217  221  224  225  229  227  224  223  221
  222  230  245  263  282  304  325  341  353  366  376  386  396  407  417  430
  447  461  474  486  496  503  507  508  506  499  493  490  484  470  461  448
  434  422  419  414  413  406  394  387  381
    40.0-180.0 180.0   5.0 450.0                            LAT/LON1/LON2/DLON/H
  403  398  392  388  382  370  357  341  326  312  298  283  268  254  242  230
  223  218  217  218  221  224  229  233  238  241  248  251  249  245  241  239
  236  238  249  266  286  307  330  347  363  376  389  401  413  426  439  453
  469  483  495  507  520  529  533  535  533  527  523  521  518  510  502  491
  475  461  454  447  440  429  419  409  403
    37.5-180.0 180.0   5.0 450.0                            LAT/LON1/LON2/DLON/H
  425  421  415  412  406  391  376  359  340  322  306  289  272  258  243  233
  229  228  229  231  236  241  247  253  259  264  274  278  275  270  265  260
  252  250  256  270  288  308  331  352  370  385  400  414  427  442  455  469
  484  499  512  525  539  551  557  559  559  556  554  554  553  549  544  537
  520  502  492  480  468  457  443  433  425
    35.0-180.0 180.0   5.0 450.0                            LAT/LON1/LON2/DLON/H
  450  445  439  434  426  408  391  373  352  331  313  296  279  262  248  240
  237  239  241  244  253  259  268  276  283  289  297  303  301  295  288  282
  271  264  265  274  288  308  330  353  373  390  407  423  437  452  465  478
  492  508  523  540  557  572  582  587  589  590  592  594  597  596  591  580
  565  546  534  521  504  487  473  460  450
    32.5-180.0 180.0   5.0 450.0                            LAT/LON1/LON2/DLON/H
  481  472  467  457  443  422  402  382  360  340  324  307  290  271  257  248
  245  246  249  256  267  276  290  300  306  311  319  326  322  317  309  303
  291  280  274  277  285  302  325  350  372  392  410  426  441  454  467  481
  495  512  533  552  573  591  606  618  627  633  636  640  645  645  639  626
  609  591  577  563  544  523  507  491  481
    30.0-180.0 180.0   5.0 450.0                            LAT/LON1/LON2/DLON/H
  514  503  493  479  459  436  412  389  366  348  334  318  302  284  269  258
  252  253  258  267  280  292  311  321  326  332  337  341  336  329  324  317
  307  292  281  274  279  293  317  343  368  389  407  425  439  451  466  481
  497  516  540  562  586  610  630  649  664  676  681  686  692  691  684  671
  653  634  620  606  585  564  544  527  514
    27.5-180.0 180.0   5.0 450.0                            LAT/LON1/LON2/DLON/H
  550  537  522  502  477  453  425  397  374  357  340  327  314  300  283  271
  262  263  272  281  295  310  329  338  343  348  352  348  340  332  329  325
  313  296  278  267  268  282  306  333  361  383  403  421  437  448  461  476
  496  518  544  569  596  624  648  674  697  713  719  728  733  730  724  713
  692  673  659  646  626  606  588  569  550
    25.0-180.0 180.0   5.0 450.0                            LAT/LON1/LON2/DLON/H
  594  579  557  529  501  475  443  412  387  367  353  341  330  316  302  290
  278  279  288  298  314  328  346  354  360  364  362  352  336  326  323  320
  310  289  269  254  255  268  293  321  348  373  397  417  430  441  454  470
  491  516  543  571  602  632  660  688  715  737  748  762  766  763  757  746
  725  707  695  683  664  646  631  611  594
    22.5-180.0 180.0   5.0 450.0                            LAT/LON1/LON2/DLON/H
  636  623  597  566  534  503  468  434  408  387  373  360  350  337  323  310
  299  298  308  319  334  347  360  370  376  376  369  352  328  315  308  304
  296  276  254  240  239  253  278  309  335  362  386  406  421  433  445  464
  487  513  540  570  602  634  662  689  715  739  762  778  784  781  774  766
  750  735  725  716  699  683  671  656  636
    20.0-180.0 180.0   5.0 450.0                            LAT/LON1/LON2/DLON/H
  676  663  640  604  573  539  507  471  441  416  398  383  373  362  347  333
  323  321  330  339  351  363  374  382  385  381  367  345  319  300  290  283
  273  257  236  224  223  237  263  291  319  347  371  391  410  425  438  460
  486  513  541  570  601  632  660  683  706  727  757  773  781  778  771  767
  759  751  743  738  728  714  705  692  676
    17.5-180.0 180.0   5.0 450.0                            LAT/LON1/LON2/DLON/H
  705  691  668  640  610  579  550  514  480  450  426  408  397  386  371  357
  348  345  348  354  363  373  380  385  383  374  358  333  306  284  270  259
  248  234  215  206  208  219  243  272  295  325  354  376  399  417  435  461
  490  517  545  573  602  630  656  674  693  712  738  755  762  762  757  755
  753  752  749  748  743  734  727  717  705
    15.0-180.0 180.0   5.0 450.0                            LAT/LON1/LON2/DLON/H
  720  708  687  664  638  612  589  554  517  483  453  430  418  406  392  380
  372  368  365  366  372  373  374  373  366  355  339  314  289  264  247  234
  222  209  194  187  191  200  220  246  270  302  335  361  389  411  435  465
  497  526  552  578  602  628  650  666  679  693  715  732  743  745  744  743
  745  748  747  749  746  740  733  727  720
    12.5-180.0 180.0   5.0 450.0                            LAT/LON1/LON2/DLON/H
  723  715  697  674  654  633  613  581  543  506  471  446  435  422  409  399
  392  385  380  378  375  372  364  349  337  327  314  291  267  243  224  210
  198  189  173  167  172  178  195  217  243  281  316  349  380  406  434  468
  503  534  557  580  600  621  642  657  668  679  697  713  729  734  736  737
  740  743  743  743  742  736  730  727  723
    10.0-180.0 180.0   5.0 450.0                            LAT/LON1/LON2/DLON/H
  722  716  699  674  650  631  614  587  551  512  478  455  446  435  424  416
  407  397  392  382  371  363  347  329  307  295  285  265  245  223  203  189
  177  168  154  149  153  158  172  194  223  264  303  340  373  402  433  469
  507  538  557  577  593  612  635  654  666  676  695  710  724  733  734  734
  734  736  736  734  735  731  724  724  722
     7.5-180.0 180.0   5.0 450.0                            LAT/LON1/LON2/DLON/H
  720  715  698  669  638  614  594  571  538  502  471  454  449  443  436  430
  421  408  396  379  362  351  334  308  284  266  256  244  226  207  191  172
  160  151  138  134  137  139  150  174  206  252  297  335  370  399  427  465
  505  537  557  573  589  609  635  657  674  689  711  725  736  747  745  741
  737  735  733  731  728  724  720  720  720
     5.0-180.0 180.0   5.0 450.0                            LAT/LON1/LON2/DLON/H
  719  717  697  663  626  594  565  541  509  476  451  442  443  444  441  436
  428  417  400  378  354  334  314  286  259  242  234  225  210  193  177  160
  148  139  132  124  123  126  131  156  195  244  293  332  364  390  417  456
  498  532  551  568  585  608  640  669  695  715  740  753  758  760  757  752
  745  739  736  735  732  728  722  720  719
     2.5-180.0 180.0   5.0 450.0                            LAT/LON1/LON2/DLON/H
  729  724  703  667  621  580  542  512  479  444  425  420  428  435  437  434
  428  417  400  375  346  318  285  255  231  218  215  208  193  179  165  151
  141  132  125  117  113  112  115  140  181  233  283  324  354  377  401  439
  484  519  543  561  583  613  649  691  724  748  774  786  786  778  767  763
  754  745  743  743  741  737  733  729  729
