IONEX/igsg3480.08i
     1.0            IONOSPHERE MAPS     MIX                 IONEX VERSION / TYPE
cmpcmb v1.2          GRL/UWM            23-dec-08 10:16     PGM / RUN BY / DATE 
ionex file containing IGS COMBINED Ionosphere maps          COMMENT             
global ionosphere maps for day 348, 2008                    DESCRIPTION         
IONEX file containing the COMBINED IGS TEC MAPS and DCBs    DESCRIPTION         
      IONEX files of the following IAACs were combined: cod DESCRIPTION         
                                                        esa DESCRIPTION         
                                                        jpl DESCRIPTION         
                                                        upc DESCRIPTION         
Contact address: Andrzej Krankowski                         DESCRIPTION
                 Geodynamics Research Laboratory            DESCRIPTION
                 University of Warmia and Mazury (GRL/UWM)  DESCRIPTION
                 Oczapowski St. 1                           DESCRIPTION
                 10-957-Olsztyn, POLAND                     DESCRIPTION
                 e-mail:  kand@uwm.edu.pl                   DESCRIPTION
                                                            DESCRIPTION
  2008    12    13     0     0     0                        EPOCH OF FIRST MAP  
  2008    12    14     0     0     0                        EPOCH OF LAST MAP   
  7200                                                      INTERVAL            
    13                                                      # OF MAPS IN FILE   
  COSZ                                                      MAPPING FUNCTION    
     0.0                                                    ELEVATION CUTOFF    
combined TEC calculated as weighted mean of input TEC valuesOBSERVABLES USED    
   373                                                      # OF STATIONS       
    32                                                      # OF SATELLITES     
  6371.0                                                    BASE RADIUS         
     2                                                      MAP DIMENSION       
   450.0 450.0   0.0                                        HGT1 / HGT2 / DHGT  
    87.5 -87.5  -2.5                                        LAT1 / LAT2 / DLAT  
  -180.0 180.0   5.0                                        LON1 / LON2 / DLON  
    -1                                                      EXPONENT            
TEC values in 0.1 tec units;  9999, if no value available   COMMENT             
DCB values in nanoseconds, reference is Sum_of_SatDCBs = 0  COMMENT             
                                                            END OF HEADER       
[from data line 3861]
    10                                                      START OF TEC MAP    
  2008    12    13    18     0     0                        EPOCH OF CURRENT MAP
    87.5-180.0 180.0   5.0 450.0                            LAT/LON1/LON2/DLON/H
   13   13   13   13   13   13   13   13   13   14   13   13   13   13   13   13
   13   12   12   12   12   13   12   12   12   12   12   12   12   12   12   12
   12   12   12   12   12   12   12   12   12   12   12   12   12   12   12   13
   13   13   13   13   13   13   13   13   13   13   13   13   13   13   13   13
   13   13   13   13   13   13   13   13   13
    85.0-180.0 180.0   5.0 450.0                            LAT/LON1/LON2/DLON/H
   14   14   14   14   14   14   14   14   14   14   15   14   14   14   14   14
   13   13   12   12   12   12   12   12   11   11   11   11   11   11   11   11
   11   11   11   11   11   11   11   12   12   12   12   12   13   13   13   12
   12   12   13   13   13   13   13   13   13   13   12   12   12   12   12   13
   12   13   13   13   13   14   14   14   14
    82.5-180.0 180.0   5.0 450.0                            LAT/LON1/LON2/DLON/H
   13   14   14   14   15   15   15   15   15   15   15   16   15   15   15   15
   15   14   14   14   13   12   12   12   11   11   10   10    9    9    9   10
   10   10   10   10   10   11   11   11   11   11   11   12   12   12   12   12
   13   12   12   12   13   13   12   12   12   11   11   11   11   11   12   12
   12   12   12   13   12   13   13   13   13
    80.0-180.0 180.0   5.0 450.0                            LAT/LON1/LON2/DLON/H
   14   14   14   14   15   15   15   16   16   16   16   17   17   17   17   17
   17   16   16   15   15   14   13   13   12   11   10   10   10   10   10   11
   11   11   11   11   12   12   12   12   12   12   11   11   11   12   12   12
   13   13   13   13   13   12   12   12   11   11   10   10   10   11   11   12
   12   12   12   12   12   13   13   13   14
    77.5-180.0 180.0   5.0 450.0                            LAT/LON1/LON2/DLON/H
   14   15   14   14   14   15   15   15   16   16   16   17   17   18   18   18
   19   18   18   18   17   17   16   16   16   14   12   11   11   11   11   11
   11   11   12   12   12   12   12   12   12   12   12   12   12   12   11   12
   12   13   12   13   13   13   12   11   11   10   10   10    9    9   10   11
   11   12   12   12   12   13   14   14   14
    75.0-180.0 180.0   5.0 450.0                            LAT/LON1/LON2/DLON/H
   15   15   14   14   14   14   14   14   14   15   16   17   18   19   20   21
   22   22   23   23   23   22   22   21   20   18   16   15   13   12   11   11
   11   11   12   12   12   13   13   13   13   13   12   13   12   12   12   11
   12   12   13   13   13   13   12   12   11   10    9    9    8    9    9   10
   10   11   11   12   13   13   14   14   15
    72.5-180.0 180.0   5.0 450.0                            LAT/LON1/LON2/DLON/H
   16   15   14   14   13   13   12   13   13   14   15   18   20   21   23   24
   26   27   28   30   30   30   28   28   26   23   21   19   16   14   13   12
   12   11   11   12   12   12   13   13   13   13   13   13   12   12   11   11
   12   12   13   14   14   14   13   13   12   12   11   11   10   10   10   11
   12   13   14   15   15   16   16   16   16
    70.0-180.0 180.0   5.0 450.0                            LAT/LON1/LON2/DLON/H
   18   17   16   15   13   13   13   13   13   14   16   19   21   24   26   29
   31   32   35   36   37   37   36   34   32   29   26   24   21   18   15   13
   12   12   11   11   12   12   13   13   13   13   13   12   12   12   11   12
   12   14   15   16   16   16   16   16   15   15   14   15   15   15   14   15
   16   16   17   18   19   19   19   19   18
    67.5-180.0 180.0   5.0 450.0                            LAT/LON1/LON2/DLON/H
   21   20   18   16   15   14   14   14   15   17   19   21   24   27   30   33
   36   38   41   43   44   45   43   41   39   36   32   29   26   23   20   17
   14   12   12   11   11   12   12   13   13   13   13   12   12   12   12   12
   13   15   17   18   19   20   19   20   20   19   20   19   20   19   19   19
   20   21   22   23   23   23   23   22   21
    65.0-180.0 180.0   5.0 450.0                            LAT/LON1/LON2/DLON/H
   25   23   21   20   18   18   17   18   19   21   23   26   29   32   35   38
   42   45   47   49   50   50   49   47   45   42   39   35   32   28   25   21
   18   15   13   12   12   12   12   13   13   13   13   13   13   13   13   13
   15   18   20   21   22   23   23   24   25   25   24   25   25   24   23   23
   24   25   26   26   27   27   27   26   25
    62.5-180.0 180.0   5.0 450.0                            LAT/LON1/LON2/DLON/H
   29   28   26   25   24   23   23   24   25   27   30   33   36   39   41   44
   47   50   52   54   54   55   54   52   50   47   44   41   38   34   30   25
   22   19   16   14   12   12   12   13   14   14   14   15   14   15   16   16
   19   20   23   24   25   26   27   28   30   30   30   30   30   29   29   28
   28   29   30   30   32   33   32   31   29
    60.0-180.0 180.0   5.0 450.0                            LAT/LON1/LON2/DLON/H
   35   34   33   32   31   31   32   33   34   36   38   40   42   45   48   50
   53   56   57   58   58   58   57   55   53   52   50   47   43   39   34   30
   26   22   20   17   15   14   14   15   15   16   17   18   19   20   20   22
   23   24   26   27   28   30   31   32   34   35   36   36   34   34   33   33
   33   33   34   35   36   37   36   36   35
    57.5-180.0 180.0   5.0 450.0                            LAT/LON1/LON2/DLON/H
   41   41   41   41   40   40   41   42   43   45   47   49   50   52   54   57
   59   60   62   62   61   60   59   58   57   56   54   52   49   44   39   34
   28   25   22   20   18   18   19   20   21   23   25   26   27   27   27   28
   28   29   29   30   31   33   34   36   38   39   41   41   39   37   37   36
   36   37   38   39   40   41   41   41   41
    55.0-180.0 180.0   5.0 450.0                            LAT/LON1/LON2/DLON/H
   46   47   48   49   50   50   51   53   54   55   56   57   58   59   61   62
   64   66   67   67   65   63   62   60   60   60   59   58   55   50   43   38
   32   27   24   23   23   24   25   27   29   31   34   35   35   35   34   34
   34   34   34   34   35   37   38   40   42   43   44   44   43   41   39   38
   38   39   40   41   42   43   44   45   46
    52.5-180.0 180.0   5.0 450.0                            LAT/LON1/LON2/DLON/H
   49   51   54   57   58   60   61   63   64   65   65   64   64   65   66   68
   70   71   72   71   69   66   64   64   64   65   65   64   61   56   48   41
   35   30   28   27   28   30   32   34   36   40   43   44   44   43   42   41
   40   39   38   38   40   41   43   44   45   46   48   47   46   44   42   41
   41   41   42   42   43   44   46   47   49
    50.0-180.0 180.0   5.0 450.0                            LAT/LON1/LON2/DLON/H
   51   55   58   62   66   68   70   71   73   73   72   71   71   70   70   72
   74   76   77   76   74   71   69   69   69   71   71   72   68   62   53   44
   38   34   32   32   34   36   39   42   44   48   50   51   51   50   48   45
   44   44   43   44   46   47   48   49   50   51   51   51   49   47   45   44
   43   43   42   43   44   45   46   48   51
    47.5-180.0 180.0   5.0 450.0                            LAT/LON1/LON2/DLON/H
   51   55   60   65   70   74   76   78   79   79   79   77   77   75   75   76
   78   80   81   82   80   77   76   76   76   78   79   79   76   70   59   48
   41   38   37   38   40   42   46   49   52   54   56   57   57   55   53   50
   50   50   50   51   52   54   54   54   55   56   56   54   52   50   48   46
   45   44   44   44   44   44   46   48   51
    45.0-180.0 180.0   5.0 450.0                            LAT/LON1/LON2/DLON/H
   49   54   59   66   71   76   80   83   85   85   85   83   82   80   79   80
   82   84   86   87   86   85   84   84   85   87   88   86   81   76   64   53
   47   44   43   44   46   50   52   55   58   60   61   62   62   61   59   57
   56   57   57   58   58   59   59   59   60   60   59   57   55   53   50   48
   47   46   45   45   44   43   45   46   49
    42.5-180.0 180.0   5.0 450.0                            LAT/LON1/LON2/DLON/H
   46   50   56   64   71   78   83   87   89   90   91   90   88   86   85   85
   86   88   90   92   93   94   93   93   94   95   95   92   86   80   69   60
   53   51   50   51   53   56   59   61   64   65   66   67   68   67   65   63
   62   63   63   63   63   63   63   62   63   63   62   60   58   55   52   49
   48   46   46   45   44   42   42   43   46
    40.0-180.0 180.0   5.0 450.0                            LAT/LON1/LON2/DLON/H
   42   46   53   61   69   78   85   90   94   96   97   96   95   94   92   91
   91   93   95   98  101  103  103  103  102  102  102   98   91   84   75   67
   62   59   58   58   60   62   64   66   69   70   72   74   74   73   70   68
   67   66   66   66   65   64   64   64   65   65   65   63   59   56   53   50
   48   47   46   44   43   42   40   41   42
    37.5-180.0 180.0   5.0 450.0                            LAT/LON1/LON2/DLON/H
   40   43   49   58   67   77   86   93   97  101  104  104  103  101   99   98
   97   98  100  103  107  110  112  112  110  108  106  102   95   88   82   75
   70   68   66   65   67   68   70   72   73   74   76   79   78   76   74   72
   70   68   67   65   65   64   64   64   65   66   66   64   61   57   54   50
   48   46   45   45   44   42   40   39   40
    35.0-180.0 180.0   5.0 450.0                            LAT/LON1/LON2/DLON/H
   39   42   47   56   66   76   87   95  101  106  110  112  111  110  108  106
  104  103  105  108  113  117  119  118  115  113  110  106  100   94   89   84
   80   77   75   73   74   75   75   76   77   77   79   82   81   79   76   73
   70   68   66   63   62   62   63   64   65   66   66   64   62   57   54   50
   48   46   45   45   44   43   41   39   39
    32.5-180.0 180.0   5.0 450.0                            LAT/LON1/LON2/DLON/H
   40   42   48   56   66   77   89   99  105  111  117  119  120  118  116  114
  112  110  109  112  117  121  124  123  117  115  114  110  105  101   97   94
   90   87   83   82   81   81   80   79   80   80   83   84   83   80   76   72
   69   66   64   61   61   61   62   63   65   66   66   65   62   58   54   50
   47   45   45   45   45   44   42   40   40
    30.0-180.0 180.0   5.0 450.0                            LAT/LON1/LON2/DLON/H
   43   45   51   59   69   80   91  101  109  115  121  125  126  125  124  122
  119  116  115  116  120  124  127  126  120  117  118  115  112  110  108  106
  101   97   92   90   88   87   84   82   82   84   85   85   83   79   75   71
   67   65   62   61   61   61   62   63   65   66   67   65   61   57   53   49
   47   45   45   46   46   45   44   43   43
    27.5-180.0 180.0   5.0 450.0                            LAT/LON1/LON2/DLON/H
   45   48   55   64   74   84   94  104  113  119  126  129  130  130  129  128
  126  122  119  119  120  123  126  128  124  122  122  120  120  120  120  118
  114  108  103   99   95   92   87   85   85   85   85   84   81   78   73   69
   66   64   62   62   63   63   64   64   65   66   66   64   61   57   53   49
   46   45   45   45   46   46   46   44   45
    25.0-180.0 180.0   5.0 450.0                            LAT/LON1/LON2/DLON/H
   47   52   60   70   81   90  100  108  118  125  130  133  134  134  134  134
  132  127  123  121  121  123  126  128  128  129  128  128  129  131  132  131
  128  120  113  107  102   97   91   88   86   84   83   81   79   75   71   68
   66   64   63   64   65   65   66   65   65   66   65   63   59   55   51   49
   46   45   44   44   45   46   46   46   47
    22.5-180.0 180.0   5.0 450.0                            LAT/LON1/LON2/DLON/H
   49   54   65   76   87   97  106  114  122  130  135  138  139  140  140  140
  137  132  126  122  121  122  126  130  133  136  138  138  139  142  146  145
  142  132  125  118  112  102   95   89   85   82   80   79   76   73   69   68
   66   66   65   66   67   67   67   66   65   65   64   61   57   54   50   48
   46   45   44   44   45   45   45   46   49
    20.0-180.0 180.0   5.0 450.0                            LAT/LON1/LON2/DLON/H
   48   57   69   81   93  104  113  122  129  137  142  145  146  147  148  148
  144  138  130  124  122  124  129  134  140  145  149  151  152  156  161  160
  156  148  138  131  122  109   97   89   83   79   77   75   73   71   69   68
   67   67   68   69   70   70   69   67   65   64   62   59   55   52   49   47
   46   45   45   44   44   44   45   45   48
    17.5-180.0 180.0   5.0 450.0                            LAT/LON1/LON2/DLON/H
   47   56   70   85   97  109  120  131  139  146  153  156  158  159  159  160
  155  147  136  127  124  127  134  143  150  157  162  164  167  172  178  176
  170  162  153  144  133  116  101   89   80   76   73   72   70   69   69   68
   68   68   69   71   73   72   70   67   64   62   60   58   52   48   48   47
   46   46   45   44   43   43   43   43   47
    15.0-180.0 180.0   5.0 450.0                            LAT/LON1/LON2/DLON/H
   44   54   70   87  101  114  127  140  151  159  166  171  173  176  177  175
  169  160  146  134  129  133  142  154  162  170  176  179  182  188  192  189
  182  174  165  155  142  122  104   89   79   74   71   69   68   68   69   69
   69   69   71   73   74   74   71   66   62   61   59   55   50   47   47   46
   46   45   44   43   42   40   40   40   44
    12.5-180.0 180.0   5.0 450.0                            LAT/LON1/LON2/DLON/H
   43   54   70   88  104  118  134  149  162  173  181  189  194  197  199  194
  186  175  160  146  139  141  152  164  175  184  190  194  197  200  202  199
  192  184  176  165  149  128  108   92   81   75   71   69   68   69   70   71
   69   69   71   75   75   73   71   66   62   60   58   54   49   47   46   46
   45   45   43   42   40   39   38   38   43
    10.0-180.0 180.0   5.0 450.0                            LAT/LON1/LON2/DLON/H
   44   55   72   88  105  122  140  157  174  186  197  208  215  221  225  218
  205  193  178  163  152  153  162  173  186  196  202  206  208  210  209  207
  201  194  185  173  156  134  113   96   85   78   74   72   72   73   74   73
   70   69   71   74   75   72   70   65   62   59   58   54   49   47   46   45
   44   43   42   40   38   36   36   38   44
     7.5-180.0 180.0   5.0 450.0                            LAT/LON1/LON2/DLON/H
   47   59   75   91  107  125  145  165  183  197  210  223  233  241  248  243
  227  211  197  182  170  168  174  185  197  206  212  216  217  218  217  215
  210  203  195  182  163  141  120  103   91   85   80   78   78   78   78   76
   72   69   70   73   74   71   68   65   63   61   59   56   51   48   46   45
   44   42   41   38   36   35   36   40   47
     5.0-180.0 180.0   5.0 450.0                            LAT/LON1/LON2/DLON/H
   53   66   81   96  112  130  150  172  191  206  218  232  244  255  262  261
  248  231  215  200  189  186  190  198  206  215  221  224  225  225  225  224
  220  213  202  189  172  150  128  111  101   94   89   86   86   85   82   79
   74   71   72   74   75   72   69   65   63   63   62   59   54   50   48   46
   45   43   41   38   36   36   38   43   53
     2.5-180.0 180.0   5.0 450.0                            LAT/LON1/LON2/DLON/H
   60   73   89  103  117  135  155  178  196  210  221  233  246  259  269  271
  262  247  233  218  207  204  204  209  217  225  229  231  233  233  234  233
  229  220  210  198  181  160  139  122  112  105   98   94   93   92   88   84
   79   77   78   79   79   74   70   68   67   66   66   63   58   53   51   49
   47   46   43   40   37   37   41   49   60
