IONEX/igsg1570.02i
     1.0            IONOSPHERE MAPS     MIX                 IONEX VERSION / TYPE
tecrms2ionex_2.awk  gAGE/UPC            12/05/07  012UT     PGM / RUN BY / DATE
Global ionosphere maps for day 157, 2002 ( 6- 6-2002)       DESCRIPTION
IONEX file containing the COMBINED IGS Ionosphere maps      DESCRIPTION
from the combination of the following IAACs:                DESCRIPTION
codg                                                        DESCRIPTION
emrg                                                        DESCRIPTION
esag                                                        DESCRIPTION
jplg                                                        DESCRIPTION
upcg                                                        DESCRIPTION
Contact address: Manuel Hernandez-Pajares                   DESCRIPTION
                 Res. group of Astronomy and Geomatics      DESCRIPTION
                 Technical Univ. of Catalonia (gAGE/UPC)    DESCRIPTION
                 Mod. C3 Campus Nord UPC                    DESCRIPTION
                 E08034-Barcelona, SPAIN                    DESCRIPTION
                 e-mail:  manuel@mat.upc.es                 DESCRIPTION
                                                            DESCRIPTION
Validation with TOPEX: <TEC_TOPEX - TEC_GPS>  [TECU]        DESCRIPTION
         (reference day of year: 157)                       DESCRIPTION
                                                            DESCRIPTION
           Bias   Sigma     RMS    VTEC   %ERR    #OBS      DESCRIPTION
           0.68    4.65    4.70   23.76   19.8   44454      DESCRIPTION
                                                            DESCRIPTION
UT(hours)  Bias   Sigma     RMS    VTEC   %ERR    #OBS      DESCRIPTION
   2.00    2.10    4.02    4.54   21.54   21.1    3015      DESCRIPTION
   4.00   -0.27    4.32    4.33   25.67   16.9    4223      DESCRIPTION
   6.00   -0.57    5.58    5.61   27.81   20.2    4010      DESCRIPTION
   8.00   -1.40    6.27    6.43   26.02   24.7    4031      DESCRIPTION
  10.00    0.50    4.35    4.38   22.20   19.7    3540      DESCRIPTION
  12.00    2.74    4.58    5.34   22.28   24.0    4231      DESCRIPTION
  14.00    0.84    3.84    3.93   22.19   17.7    4583      DESCRIPTION
  16.00    1.33    3.05    3.32   20.10   16.5    3462      DESCRIPTION
  18.00    1.58    2.57    3.02   21.66   13.9    3841      DESCRIPTION
  20.00    0.82    4.70    4.77   26.36   18.1    5239      DESCRIPTION
  22.00    0.18    4.77    4.77   23.66   20.2    4279      DESCRIPTION
                                                            DESCRIPTION
Lat(deg)   Bias   Sigma     RMS    VTEC   %ERR    #OBS      DESCRIPTION
 -60.00    1.94    2.74    3.35    8.33   40.3    9609      DESCRIPTION
 -40.00    2.19    2.11    3.04    9.88   30.8    9034      DESCRIPTION
 -20.00    0.68    5.24    5.29   20.41   25.9    7017      DESCRIPTION
   0.00   -1.58    7.99    8.15   39.09   20.8    5961      DESCRIPTION
  20.00   -1.34    4.09    4.30   46.53    9.2    5118      DESCRIPTION
  40.00   -0.30    4.17    4.18   38.54   10.8    4621      DESCRIPTION
  60.00    1.52    2.32    2.77   30.57    9.1    3094      DESCRIPTION
  2002     6     6     1     0     0                        EPOCH OF FIRST MAP
  2002     6     6    23     0     0                        EPOCH OF LAST MAP
  7200                                                      INTERVAL
    12                                                      # OF MAPS IN FILE
  COSZ                                                      MAPPING FUNCTION
     0.0                                                    ELEVATION CUTOFF
Combined TEC calculated as weighted mean of input TEC valuesOBSERVABLES USED
   193                                                      # OF STATIONS
    28                                                      # OF SATELLITES
  6371.0                                                    BASE RADIUS
     2                                                      MAP DIMENSION
   450.0 450.0   0.0                                        HGT1 / HGT2 / DHGT
    87.5 -87.5  -2.5                                        LAT1 / LAT2 / DLAT
  -180.0 180.0   5.0                                        LON1 / LON2 / DLON
    -1                                                      EXPONENT
TEC values in  0.1 TECUs; 9999 if no value available        COMMENT
DCB values in nanoseconds, reference is Sum_of_SatDCBs = 0  COMMENT
                                                            END OF HEADER
[from data line 4719]
    12                                                      START OF TEC MAP
  2002     6     6    23     0     0                        EPOCH OF CURRENT MAP
    87.5-180.0 180.0   5.0 450.0                            LAT/LON1/LON2/DLON/H
  236  236  237  237  237  235  235  231  231  231  232  232  232  232  231  230
  229  231  229  228  229  228  227  227  227  227  226  227  228  229  228  226
  225  223  223  223  222  221  219  218  215  215  215  216  217  218  219  220
  220  221  221  222  227  223  224  224  223  224  224  225  226  227  228  230
  232  234  237  238  238  237  237  236  236
    85.0-180.0 180.0   5.0 450.0                            LAT/LON1/LON2/DLON/H
  244  243  244  244  243  243  242  242  239  239  238  238  238  238  237  235
  234  233  234  226  228  230  233  234  233  229  227  226  225  223  222  221
  221  219  219  217  215  214  213  209  209  209  209  211  212  213  214  215
  216  217  217  219  219  220  221  222  222  223  225  226  228  229  230  232
  235  237  240  242  244  245  245  245  244
    82.5-180.0 180.0   5.0 450.0                            LAT/LON1/LON2/DLON/H
  251  249  249  249  249  249  248  247  247  246  250  249  249  242  241  240
  238  243  237  251  233  227  230  241  229  226  219  217  218  219  219  220
  220  218  217  213  211  207  206  205  205  207  208  207  208  209  210  212
  213  213  215  218  216  219  220  222  223  224  226  228  229  232  233  234
  237  241  243  247  248  249  251  250  251
    80.0-180.0 180.0   5.0 450.0                            LAT/LON1/LON2/DLON/H
  253  253  253  252  252  252  251  251  251  251  249  247  249  248  249  248
  246  242  238  236  235  227  224  232  229  222  219  220  225  229  232  227
  225  220  215  214  207  206  205  205  205  205  205  206  207  208  208  211
  212  213  215  215  218  220  222  224  225  226  228  231  233  234  236  237
  240  243  246  248  250  252  253  254  253
    77.5-180.0 180.0   5.0 450.0                            LAT/LON1/LON2/DLON/H
  255  255  256  255  255  255  256  258  257  259  264  262  261  256  253  254
  252  247  245  241  239  237  231  226  226  225  228  238  237  228  225  221
  217  216  212  211  209  208  207  207  207  207  208  209  210  210  212  213
  214  216  217  218  222  225  226  228  230  231  233  235  237  238  240  241
  243  246  246  249  251  253  255  254  255
    75.0-180.0 180.0   5.0 450.0                            LAT/LON1/LON2/DLON/H
  257  258  260  258  259  260  262  264  274  273  272  271  270  265  268  263
  259  252  249  245  241  238  231  229  227  229  232  232  232  226  218  215
  215  210  210  208  209  210  210  210  210  212  212  215  217  218  219  221
  221  223  223  225  230  232  234  235  237  237  239  240  242  242  243  244
  246  248  248  250  252  255  257  256  257
    72.5-180.0 180.0   5.0 450.0                            LAT/LON1/LON2/DLON/H
  261  263  262  264  266  268  268  271  277  278  278  278  275  274  276  269
  264  256  252  247  243  238  234  233  230  228  227  225  222  221  219  213
  211  210  210  211  211  211  214  215  216  218  220  223  225  228  229  230
  231  231  233  236  239  241  243  244  244  244  245  246  247  247  248  248
  249  251  252  253  256  258  258  259  261
    70.0-180.0 180.0   5.0 450.0                            LAT/LON1/LON2/DLON/H
  267  268  268  271  272  275  274  279  282  284  284  284  283  281  276  274
  269  264  255  249  245  239  235  236  231  229  227  227  219  217  216  215
  213  213  213  214  215  217  218  221  222  224  227  231  233  235  237  239
  240  240  243  245  248  250  251  252  252  252  252  253  253  252  252  253
  253  256  257  259  262  264  263  264  267
    67.5-180.0 180.0   5.0 450.0                            LAT/LON1/LON2/DLON/H
  274  276  275  277  278  279  280  281  283  285  286  288  289  287  283  277
  271  266  259  253  248  243  238  238  236  233  229  226  225  222  220  219
  218  218  220  221  221  222  224  226  228  230  233  235  238  240  242  244
  245  248  250  252  255  257  258  258  259  259  259  259  259  258  258  258
  258  262  264  268  271  273  272  273  274
    65.0-180.0 180.0   5.0 450.0                            LAT/LON1/LON2/DLON/H
  283  284  282  281  282  281  282  282  284  286  289  294  296  294  292  285
  281  276  267  260  254  250  245  245  246  243  237  234  231  230  227  227
  228  228  229  229  228  228  228  231  233  234  236  237  239  241  243  245
  246  250  254  257  260  262  264  266  267  267  266  266  265  265  266  266
  266  269  274  279  283  283  283  283  283
    62.5-180.0 180.0   5.0 450.0                            LAT/LON1/LON2/DLON/H
  294  293  290  288  286  285  283  283  285  287  292  297  299  299  297  296
  294  289  278  271  263  260  257  257  260  255  249  243  240  241  240  240
  241  242  239  237  236  235  234  235  235  235  236  236  237  238  239  241
  245  249  254  260  263  266  269  272  274  275  274  274  274  275  277  279
  278  281  286  290  294  295  295  295  294
    60.0-180.0 180.0   5.0 450.0                            LAT/LON1/LON2/DLON/H
  304  302  299  296  292  289  286  284  287  288  294  297  298  300  303  305
  305  302  294  286  278  274  271  272  273  269  262  256  253  254  254  255
  255  254  250  245  244  240  237  235  234  233  232  231  231  232  233  236
  241  246  252  261  266  271  274  278  281  282  283  282  283  285  289  291
  293  297  301  305  308  308  309  307  304
    57.5-180.0 180.0   5.0 450.0                            LAT/LON1/LON2/DLON/H
  315  312  309  304  300  295  290  287  287  290  294  295  296  299  304  307
  310  310  309  304  297  292  288  287  286  282  277  272  269  269  270  270
  269  266  260  253  249  244  238  234  230  228  227  226  226  225  227  231
  235  242  251  259  267  274  279  284  287  288  290  289  291  295  299  304
  308  314  318  323  324  324  321  319  315
    55.0-180.0 180.0   5.0 450.0                            LAT/LON1/LON2/DLON/H
  325  324  320  314  308  303  296  291  287  291  293  294  295  298  302  306
  310  312  314  314  311  308  302  305  302  299  295  289  285  285  286  285
  279  275  268  259  251  244  237  232  227  224  222  222  223  222  223  226
  230  237  246  253  263  272  279  286  291  294  297  298  302  307  313  319
  325  331  336  341  341  339  333  328  325
    52.5-180.0 180.0   5.0 450.0                            LAT/LON1/LON2/DLON/H
  337  337  332  326  317  310  303  297  292  292  294  295  297  300  301  305
  309  313  315  318  320  319  319  317  319  315  311  305  301  301  300  297
  290  282  273  261  251  244  237  231  226  223  222  221  221  220  220  222
  225  232  240  246  256  266  275  284  292  298  303  309  314  322  330  336
  345  348  354  358  357  354  344  339  337
    50.0-180.0 180.0   5.0 450.0                            LAT/LON1/LON2/DLON/H
  352  351  345  340  330  320  314  308  304  300  300  302  302  305  304  307
  312  317  319  323  326  327  333  335  332  328  325  320  315  313  312  306
  298  289  276  263  252  245  238  232  228  226  225  224  223  221  220  220
  222  227  232  241  251  262  273  284  294  303  312  320  328  338  347  355
  364  365  371  375  374  370  361  354  352
    47.5-180.0 180.0   5.0 450.0                            LAT/LON1/LON2/DLON/H
  372  369  363  357  348  338  331  325  321  314  314  315  314  314  311  312
  316  321  324  329  332  335  341  345  343  339  337  331  325  321  320  314
  304  293  281  267  255  250  245  241  237  235  233  231  230  227  226  224
  224  225  230  239  249  263  277  289  301  311  322  332  343  352  363  373
  379  382  387  392  391  387  380  374  372
    45.0-180.0 180.0   5.0 450.0                            LAT/LON1/LON2/DLON/H
  395  391  382  377  370  358  352  345  340  332  332  331  330  325  324  324
  325  329  333  337  340  343  348  351  353  350  348  340  333  328  327  322
  312  300  287  273  264  261  257  254  250  248  245  245  244  241  237  233
  230  228  233  239  251  265  280  294  306  318  329  342  353  365  375  385
  391  395  402  407  409  407  401  397  395
    42.5-180.0 180.0   5.0 450.0                            LAT/LON1/LON2/DLON/H
  421  416  405  400  393  382  374  366  359  350  347  347  347  344  344  341
  341  344  348  350  352  357  363  364  365  365  360  349  342  335  333  329
  321  308  296  285  280  276  277  272  269  267  265  265  264  259  252  245
  240  236  239  244  255  268  282  296  309  321  333  346  359  375  385  393
  398  403  413  421  425  426  423  423  421
    40.0-180.0 180.0   5.0 450.0                            LAT/LON1/LON2/DLON/H
  449  443  433  425  420  408  398  388  379  368  363  362  363  363  364  361
  360  363  368  372  376  381  385  385  384  380  376  362  352  344  339  337
  330  320  309  302  298  297  301  299  295  291  290  289  287  281  272  261
  253  246  246  251  260  272  285  298  311  325  337  352  366  378  391  398
  403  408  418  428  438  446  449  451  449
    37.5-180.0 180.0   5.0 450.0                            LAT/LON1/LON2/DLON/H
  480  474  464  456  452  437  425  413  404  392  386  383  383  385  385  383
  382  383  392  398  406  413  415  413  407  401  393  376  364  356  351  348
  340  331  322  318  320  324  329  330  324  318  317  316  313  307  295  282
  267  257  253  257  265  275  288  301  315  330  344  360  375  390  400  406
  408  412  422  434  449  464  474  481  480
    35.0-180.0 180.0   5.0 450.0                            LAT/LON1/LON2/DLON/H
  513  509  499  493  486  471  457  446  436  422  415  409  409  409  408  407
  407  412  418  423  431  442  445  440  432  424  408  393  378  368  362  359
  352  343  337  335  340  348  353  356  353  347  346  345  340  335  318  301
  281  268  263  261  267  276  289  303  319  334  348  365  381  396  407  413
  417  421  429  443  462  485  499  510  513
    32.5-180.0 180.0   5.0 450.0                            LAT/LON1/LON2/DLON/H
  544  544  535  529  522  506  491  479  468  457  450  443  442  439  436  435
  438  440  444  450  455  463  468  466  457  445  426  407  392  380  372  369
  364  357  351  349  355  364  371  377  378  377  379  374  368  355  337  317
  297  280  272  267  268  276  287  302  318  333  347  364  381  396  410  417
  423  429  439  453  475  501  522  536  544
    30.0-180.0 180.0   5.0 450.0                            LAT/LON1/LON2/DLON/H
  572  576  575  568  557  541  525  512  501  495  494  485  479  473  469  466
  467  469  473  479  483  486  490  488  479  464  442  420  402  389  380  376
  372  365  359  356  359  370  383  394  399  400  401  394  382  369  350  328
  308  290  280  271  267  271  281  296  311  327  342  360  378  394  407  416
  426  435  446  463  485  513  539  557  572
    27.5-180.0 180.0   5.0 450.0                            LAT/LON1/LON2/DLON/H
  593  605  606  602  591  575  559  546  535  531  535  530  521  511  505  499
  496  500  503  508  510  511  512  507  497  479  455  430  408  392  383  379
  375  368  360  355  357  369  389  405  410  412  409  398  385  372  353  329
  310  293  277  266  260  260  268  282  299  318  334  353  371  385  398  411
  425  437  448  465  489  517  547  571  593
    25.0-180.0 180.0   5.0 450.0                            LAT/LON1/LON2/DLON/H
  605  624  630  630  620  607  591  580  572  572  582  577  566  557  542  531
  528  530  532  532  533  531  528  521  509  489  464  437  408  388  379  374
  370  365  357  348  348  363  387  402  410  409  401  387  375  362  340  319
  300  283  261  250  243  242  250  263  281  301  321  341  357  371  385  401
  421  435  448  464  489  515  546  577  605
    22.5-180.0 180.0   5.0 450.0                            LAT/LON1/LON2/DLON/H
  607  631  644  648  642  630  617  611  609  612  628  623  616  602  582  566
  560  559  557  554  552  548  541  531  516  495  470  439  405  381  369  361
  357  358  350  339  339  354  377  392  396  391  375  359  348  335  313  296
  279  263  242  231  223  221  229  240  259  283  303  324  340  355  372  392
  416  434  448  463  488  512  542  575  607
    20.0-180.0 180.0   5.0 450.0                            LAT/LON1/LON2/DLON/H
  602  627  646  657  656  646  639  637  639  652  669  670  659  646  625  603
  590  585  579  573  568  561  549  537  518  494  468  435  398  372  358  349
  347  351  343  330  329  342  360  371  372  360  338  315  307  299  278  267
  252  239  227  216  206  201  207  221  242  267  288  309  328  346  367  390
  413  435  452  465  486  510  538  570  602
    17.5-180.0 180.0   5.0 450.0                            LAT/LON1/LON2/DLON/H
  595  620  640  656  661  658  653  656  666  680  699  705  698  684  664  640
  620  608  599  590  580  568  553  535  510  482  457  422  388  362  347  340
  340  344  337  324  319  327  341  349  339  321  294  267  262  259  244  236
  227  218  213  206  197  191  195  209  231  257  280  302  324  346  370  396
  418  441  459  473  491  513  538  566  595
    15.0-180.0 180.0   5.0 450.0                            LAT/LON1/LON2/DLON/H
  591  614  633  652  658  660  661  668  680  698  718  729  726  714  695  673
  651  632  616  602  588  571  550  523  491  461  435  403  373  350  338  333
  334  338  334  322  313  313  323  325  307  282  252  227  225  225  216  211
  206  202  201  197  191  185  188  200  222  249  273  299  324  350  378  406
  429  450  469  486  502  523  544  566  591
    12.5-180.0 180.0   5.0 450.0                            LAT/LON1/LON2/DLON/H
  591  610  633  647  654  658  662  672  686  705  727  742  745  737  721  701
  678  653  629  610  592  572  545  507  469  438  412  383  360  341  331  329
  332  339  335  323  311  305  309  306  281  251  220  200  201  201  194  190
  189  189  189  187  182  178  178  188  209  237  263  292  323  353  384  414
  439  460  480  498  515  537  556  571  591
    10.0-180.0 180.0   5.0 450.0                            LAT/LON1/LON2/DLON/H
  594  610  630  645  651  654  661  671  686  706  727  746  756  753  741  723
  698  668  641  618  595  567  537  497  452  417  390  365  347  335  328  330
  335  343  340  330  317  308  306  296  269  236  205  189  188  185  175  172
  172  174  174  174  170  164  162  170  190  218  248  282  317  352  386  418
  445  467  487  507  526  550  568  581  594
     7.5-180.0 180.0   5.0 450.0                            LAT/LON1/LON2/DLON/H
  599  612  631  645  650  650  657  667  681  702  722  742  756  758  751  736
  710  678  651  625  596  563  526  485  441  397  372  352  336  329  332  334
  341  351  349  343  333  325  318  298  267  231  203  189  187  178  163  155
  154  156  161  162  158  152  148  149  166  194  230  269  308  350  387  423
  449  471  489  511  533  558  580  589  599
     5.0-180.0 180.0   5.0 450.0                            LAT/LON1/LON2/DLON/H
  602  614  632  645  649  649  654  663  675  694  712  730  745  750  747  734
  711  682  656  629  599  562  518  472  424  382  359  340  327  329  340  346
  352  362  364  361  357  352  338  310  269  230  207  198  197  183  159  146
  142  142  147  148  142  136  131  132  146  173  214  256  299  341  383  419
  445  468  486  512  540  568  586  595  602
     2.5-180.0 180.0   5.0 450.0                            LAT/LON1/LON2/DLON/H
  605  615  635  646  650  651  656  662  672  687  701  714  725  729  727  718
  700  679  657  633  601  561  511  459  410  371  348  331  322  337  360  370
  371  373  375  377  382  374  355  321  273  231  214  211  212  193  161  143
  136  134  134  132  125  118  114  115  128  155  198  245  289  332  373  408
  436  458  478  507  536  565  587  599  605
