IONEX/igsg3480.08i
     1.0            IONOSPHERE MAPS     MIX                 IONEX VERSION / TYPE
cmpcmb v1.2          GRL/UWM            23-dec-08 10:16     PGM / RUN BY / DATE 
ionex file containing IGS COMBINED Ionosphere maps          COMMENT             
global ionosphere maps for day 348, 2008                    DESCRIPTION         
IONEX file containing the COMBINED IGS TEC MAPS and DCBs    DESCRIPTION         
      IONEX files of the following IAACs were combined: cod DESCRIPTION         
                                                        esa DESCRIPTION         
                                                        jpl DESCRIPTION         
                                                        upc DESCRIPTION         
Contact address: Andrzej Krankowski                         DESCRIPTION
                 Geodynamics Research Laboratory            DESCRIPTION
                 University of Warmia and Mazury (GRL/UWM)  DESCRIPTION
                 Oczapowski St. 1                           DESCRIPTION
                 10-957-Olsztyn, POLAND                     DESCRIPTION
                 e-mail:  kand@uwm.edu.pl                   DESCRIPTION
                                                            DESCRIPTION
  2008    12    13     0     0     0                        EPOCH OF FIRST MAP  
  2008    12    14     0     0     0                        EPOCH OF LAST MAP   
  7200                                                      INTERVAL            
    13                                                      # OF MAPS IN FILE   
  COSZ                                                      MAPPING FUNCTION    
     0.0                                                    ELEVATION CUTOFF    
combined TEC calculated as weighted mean of input TEC valuesOBSERVABLES USED    
   373                                                      # OF STATIONS       
    32                                                      # OF SATELLITES     
  6371.0                                                    BASE RADIUS         
     2                                                      MAP DIMENSION       
   450.0 450.0   0.0                                        HGT1 / HGT2 / DHGT  
    87.5 -87.5  -2.5                                        LAT1 / LAT2 / DLAT  
  -180.0 180.0   5.0                                        LON1 / LON2 / DLON  
    -1                                                      EXPONENT            
TEC values in 0.1 tec units;  9999, if no value available   COMMENT             
DCB values in nanoseconds, reference is Sum_of_SatDCBs = 0  COMMENT             
                                                            END OF HEADER       
[from data line 4719]
    12                                                      START OF TEC MAP    
  2008    12    13    22     0     0                        EPOCH OF CURRENT MAP
    87.5-180.0 180.0   5.0 450.0                            LAT/LON1/LON2/DLON/H
   12   12   13   13   13   13   13   13   13   13   13   13   13   13   13   13
   13   12   12   12   12   11   11   11   11   11   11   11   10   10   10   10
   10   10   10   10   10   10   10   10   10   10   11   11   11   11   10   11
   11   11   11   11   10   11   11   11   11   11   11   11   11   11   11   12
   12   12   12   12   12   12   12   12   12
    85.0-180.0 180.0   5.0 450.0                            LAT/LON1/LON2/DLON/H
   14   14   15   15   15   16   16   16   16   15   15   15   15   15   14   14
   13   13   13   13   12   12   12   12   11   11   11   11   11   10   10   10
   10   10   10   11   11   11   11   11   11   11   11   11   11   11   11   11
   11   11   11   11   12   12   11   12   12   12   11   11   11   12   12   12
   12   12   13   13   13   14   14   14   14
    82.5-180.0 180.0   5.0 450.0                            LAT/LON1/LON2/DLON/H
   16   17   17   17   17   17   17   16   16   16   16   16   15   15   15   15
   15   15   14   14   14   13   13   13   12   12   12   11   11   11   11   11
   11   12   12   12   12   12   12   12   12   12   12   12   12   12   12   12
   12   12   12   12   12   12   12   12   12   12   12   12   12   12   13   13
   13   14   14   14   14   15   15   16   16
    80.0-180.0 180.0   5.0 450.0                            LAT/LON1/LON2/DLON/H
   17   17   18   17   18   18   19   19   18   19   19   18   18   18   17   17
   17   17   16   16   15   15   14   13   13   12   13   12   12   12   12   12
   12   12   12   13   13   13   13   13   13   13   13   12   12   12   12   12
   13   13   13   13   13   13   13   13   12   12   12   11   12   13   13   13
   14   14   14   14   15   15   16   17   17
    77.5-180.0 180.0   5.0 450.0                            LAT/LON1/LON2/DLON/H
   18   19   20   20   20   20   20   21   21   21   21   21   21   21   21   21
   20   20   19   19   18   18   17   15   15   14   14   13   13   14   13   14
   14   14   14   14   14   14   14   14   14   14   14   13   13   12   12   12
   13   13   13   13   13   13   13   12   12   12   11   12   13   13   14   14
   14   15   15   15   16   17   17   18   18
    75.0-180.0 180.0   5.0 450.0                            LAT/LON1/LON2/DLON/H
   21   22   23   23   24   24   24   25   25   25   25   25   25   24   24   23
   23   23   23   22   21   20   19   18   17   16   15   15   15   15   15   15
   16   16   16   16   15   15   15   15   15   14   14   13   12   12   12   12
   12   12   13   13   13   13   12   12   12   12   13   13   14   14   14   15
   15   16   16   17   18   19   20   20   21
    72.5-180.0 180.0   5.0 450.0                            LAT/LON1/LON2/DLON/H
   26   27   28   29   29   29   30   30   30   30   31   31   30   30   29   28
   28   28   26   25   24   22   21   19   18   17   17   16   16   16   16   17
   17   18   17   18   17   16   15   14   14   14   13   13   12   12   12   11
   12   12   13   13   12   12   12   12   13   13   14   15   15   15   15   16
   16   17   18   19   20   21   23   24   26
    70.0-180.0 180.0   5.0 450.0                            LAT/LON1/LON2/DLON/H
   31   33   34   35   36   36   37   37   37   38   38   38   37   36   35   34
   33   31   30   29   27   26   23   21   19   17   16   16   15   16   17   17
   17   18   18   18   17   17   16   14   13   12   12   12   12   12   11   12
   12   12   13   13   14   14   15   15   16   16   16   16   17   18   18   18
   18   19   20   21   23   25   27   29   31
    67.5-180.0 180.0   5.0 450.0                            LAT/LON1/LON2/DLON/H
   38   40   42   43   44   45   45   45   46   46   46   45   44   42   41   39
   37   35   34   32   30   28   24   22   20   17   16   15   15   15   16   16
   17   17   18   18   17   16   16   14   12   12   12   12   12   12   12   13
   14   15   16   18   18   19   19   19   19   19   19   19   19   20   20   20
   20   21   22   23   25   29   32   35   38
    65.0-180.0 180.0   5.0 450.0                            LAT/LON1/LON2/DLON/H
   45   48   50   52   53   53   53   54   54   54   53   52   51   49   47   44
   42   39   38   34   32   29   25   22   19   17   15   14   14   14   15   15
   16   16   16   17   17   16   15   14   13   13   12   12   12   13   15   18
   19   21   22   23   23   23   22   23   23   22   22   22   22   22   22   22
   22   23   25   27   30   34   38   42   45
    62.5-180.0 180.0   5.0 450.0                            LAT/LON1/LON2/DLON/H
   52   56   59   60   61   62   62   61   61   60   60   58   57   55   52   49
   46   43   40   36   33   29   24   21   18   16   14   13   13   14   15   16
   17   17   16   15   15   17   16   15   14   14   14   15   17   19   22   24
   26   26   27   27   27   27   26   27   27   26   25   25   24   24   24   24
   26   27   29   31   35   40   45   49   52
    60.0-180.0 180.0   5.0 450.0                            LAT/LON1/LON2/DLON/H
   60   64   66   68   69   69   69   68   67   65   64   63   61   59   56   53
   50   46   42   38   33   29   23   20   17   15   14   14   14   15   16   18
   18   18   17   15   16   18   19   19   19   19   20   22   24   27   30   31
   32   32   32   33   32   32   31   31   30   29   28   27   27   27   26   27
   28   31   34   36   41   46   51   56   60
    57.5-180.0 180.0   5.0 450.0                            LAT/LON1/LON2/DLON/H
   68   72   75   76   77   76   76   74   71   70   68   66   64   62   60   56
   54   49   44   39   34   29   23   20   17   16   15   15   17   19   20   21
   21   21   20   20   21   22   24   25   26   27   28   31   33   35   37   37
   38   38   38   39   39   37   36   35   33   31   30   29   29   29   29   29
   31   34   38   41   46   53   58   63   68
    55.0-180.0 180.0   5.0 450.0                            LAT/LON1/LON2/DLON/H
   75   79   82   84   84   84   82   79   76   72   70   68   66   64   63   60
   57   52   47   42   36   30   24   20   19   20   19   19   21   23   25   26
   26   26   26   26   28   30   32   33   35   36   38   41   42   44   44   44
   43   42   43   45   44   42   40   38   36   33   32   30   29   29   29   31
   34   38   43   48   54   59   65   70   75
    52.5-180.0 180.0   5.0 450.0                            LAT/LON1/LON2/DLON/H
   82   86   89   92   92   91   89   86   81   76   72   69   68   66   65   63
   61   56   51   45   38   32   27   23   22   25   25   26   27   30   31   32
   33   33   34   34   36   39   41   42   44   46   48   49   51   51   50   49
   47   46   47   49   50   47   44   42   39   36   34   31   30   29   30   32
   37   42   49   55   62   67   73   78   82
    50.0-180.0 180.0   5.0 450.0                            LAT/LON1/LON2/DLON/H
   88   92   96   99   99   98   96   92   86   80   75   72   70   69   67   66
   63   60   55   49   42   36   31   29   28   30   31   33   35   37   38   39
   40   40   41   43   45   48   50   51   53   55   56   57   57   57   56   53
   51   50   51   54   53   51   48   46   42   38   35   33   30   30   31   34
   39   47   55   62   70   76   81   85   88
    47.5-180.0 180.0   5.0 450.0                            LAT/LON1/LON2/DLON/H
   94   97  101  104  105  105  103   99   93   86   80   76   72   71   69   68
   67   64   60   55   48   43   39   37   37   39   40   42   42   44   46   46
   46   47   49   51   53   56   57   59   60   61   62   62   62   61   60   57
   55   55   56   57   57   55   53   49   45   41   38   35   32   32   34   38
   44   52   61   69   77   84   89   92   94
    45.0-180.0 180.0   5.0 450.0                            LAT/LON1/LON2/DLON/H
  100  101  104  107  110  110  108  105   99   93   86   81   76   74   72   71
   70   69   66   61   57   52   49   48   48   50   50   51   51   51   51   52
   51   52   54   57   60   62   62   63   64   65   65   65   65   65   63   62
   61   61   61   62   61   60   58   55   50   45   41   38   35   34   36   41
   48   57   66   75   83   89   95   98  100
    42.5-180.0 180.0   5.0 450.0                            LAT/LON1/LON2/DLON/H
  103  105  106  108  111  113  111  109  106  100   93   87   81   78   75   74
   74   73   71   69   66   62   60   61   62   62   61   60   59   58   57   56
   55   55   58   61   64   65   66   66   66   66   66   67   67   67   67   66
   66   65   65   65   65   64   62   59   55   50   45   41   38   37   39   45
   53   62   71   80   87   94  100  103  103
    40.0-180.0 180.0   5.0 450.0                            LAT/LON1/LON2/DLON/H
  106  106  106  106  109  110  111  111  110  106  100   93   87   82   79   78
   77   78   78   77   76   73   72   73   74   73   71   68   65   64   62   60
   58   58   60   63   66   67   67   68   67   67   67   68   69   69   70   70
   70   69   68   67   66   65   64   61   58   54   50   46   43   42   43   49
   57   66   74   82   90   96  102  105  106
    37.5-180.0 180.0   5.0 450.0                            LAT/LON1/LON2/DLON/H
  108  107  105  103  104  106  108  110  112  111  107  100   93   87   84   82
   82   82   83   84   84   84   84   84   84   82   79   75   71   69   66   63
   61   60   61   64   66   68   69   68   68   68   68   69   70   71   72   73
   72   70   69   67   66   65   64   62   60   57   54   51   47   46   48   53
   61   69   77   84   92   98  104  107  108
    35.0-180.0 180.0   5.0 450.0                            LAT/LON1/LON2/DLON/H
  111  109  105  100   99  101  104  109  113  114  112  106   99   93   89   87
   86   87   88   90   91   93   94   93   91   88   84   81   77   74   71   68
   65   63   62   65   67   69   70   69   69   70   70   71   71   72   74   74
   73   70   67   64   63   62   62   62   60   59   56   53   51   49   52   58
   65   73   79   86   93  100  107  111  111
    32.5-180.0 180.0   5.0 450.0                            LAT/LON1/LON2/DLON/H
  117  114  107  101   98   98  102  107  112  115  114  110  105   99   95   93
   92   92   93   94   96   99  100   99   97   92   89   85   81   78   76   74
   70   67   66   67   69   71   71   71   71   72   72   72   72   73   74   74
   72   68   65   62   60   59   59   59   59   59   57   55   53   53   56   62
   69   75   82   88   96  103  111  116  117
    30.0-180.0 180.0   5.0 450.0                            LAT/LON1/LON2/DLON/H
  127  123  116  109  104  103  106  111  114  116  115  112  109  105  101   99
   97   96   96   98   99  101  101  101   99   94   89   85   83   82   81   80
   76   72   69   70   72   74   74   73   74   75   74   73   73   73   72   71
   70   67   63   59   57   56   57   57   57   57   56   55   53   54   58   65
   72   79   85   91   99  108  118  125  127
    27.5-180.0 180.0   5.0 450.0                            LAT/LON1/LON2/DLON/H
  141  140  133  125  119  117  119  120  120  119  116  113  112  110  107  105
  102  101  100   99  100  101  101  102   98   92   88   85   84   86   87   85
   81   77   75   75   76   77   76   76   75   76   76   74   73   71   70   69
   68   65   61   57   55   55   55   54   54   54   54   53   53   54   59   67
   74   81   88   95  104  115  127  136  141
    25.0-180.0 180.0   5.0 450.0                            LAT/LON1/LON2/DLON/H
  161  163  160  152  145  142  142  139  133  126  120  116  114  114  113  111
  107  104  102   99   99  101  101   99   96   90   87   85   86   89   90   90
   86   82   79   80   81   80   78   77   75   75   75   73   71   69   68   67
   66   63   59   56   54   53   53   52   51   50   49   49   50   54   60   69
   77   85   93  100  110  123  138  152  161
    22.5-180.0 180.0   5.0 450.0                            LAT/LON1/LON2/DLON/H
  182  191  191  189  183  178  176  167  152  138  128  121  119  119  118  115
  112  107  104  100   99  101  100   98   94   90   88   87   88   91   94   93
   89   84   82   84   84   82   79   76   74   73   72   69   68   66   65   65
   64   62   58   55   53   52   51   49   47   46   45   45   46   51   60   71
   80   88   97  106  118  132  149  167  182
    20.0-180.0 180.0   5.0 450.0                            LAT/LON1/LON2/DLON/H
  201  218  226  232  229  224  216  205  183  160  141  130  126  126  123  120
  116  111  107  103  101  101  102  100   96   93   90   89   91   95   97   95
   91   87   85   86   85   81   76   72   70   68   67   64   63   62   61   62
   62   61   57   54   51   50   49   47   44   42   40   40   42   49   61   72
   83   92  102  114  126  141  161  182  201
    17.5-180.0 180.0   5.0 450.0                            LAT/LON1/LON2/DLON/H
  217  240  256  268  272  269  262  248  220  189  162  147  138  135  130  125
  120  114  112  109  104  105  106  104  101   97   93   93   95   98   99   97
   92   88   86   86   85   79   72   67   64   60   60   58   58   57   57   59
   60   60   57   54   51   48   47   45   42   39   37   37   40   49   62   75
   86   96  108  122  136  153  171  196  217
    15.0-180.0 180.0   5.0 450.0                            LAT/LON1/LON2/DLON/H
  228  253  275  292  302  305  301  286  257  220  188  168  154  148  140  133
  124  120  117  116  111  110  111  110  107  103   99   98   98  100  100   97
   92   88   86   86   82   75   66   61   57   53   53   54   54   53   54   56
   58   59   57   53   50   47   45   44   41   38   36   36   40   51   66   79
   91  103  116  132  148  165  183  204  228
    12.5-180.0 180.0   5.0 450.0                            LAT/LON1/LON2/DLON/H
  230  255  278  298  314  323  323  311  284  248  214  190  173  162  151  141
  132  127  123  122  119  116  117  117  114  110  105  102  101  101   99   96
   91   87   84   83   79   70   61   56   52   50   50   51   52   52   52   54
   56   58   56   52   48   44   42   41   40   38   37   37   42   55   70   84
   96  109  124  141  159  175  191  209  230
    10.0-180.0 180.0   5.0 450.0                            LAT/LON1/LON2/DLON/H
  225  247  270  290  307  321  327  319  298  267  238  210  191  177  164  151
  141  135  131  127  125  123  124  124  122  117  110  106  103  101   99   95
   89   84   82   80   75   66   59   55   52   51   51   52   52   51   51   53
   55   56   54   49   45   41   40   40   40   39   38   40   46   59   75   89
  101  114  130  149  168  184  195  209  225
     7.5-180.0 180.0   5.0 450.0                            LAT/LON1/LON2/DLON/H
  219  236  254  270  286  301  312  312  299  277  252  228  208  192  177  163
  152  146  141  137  133  133  133  132  131  125  117  111  106  103  100   95
   88   84   81   79   73   66   62   60   58   57   57   56   55   53   52   52
   53   53   51   47   43   40   39   40   41   41   41   43   51   65   80   94
  106  119  135  154  174  189  198  207  219
     5.0-180.0 180.0   5.0 450.0                            LAT/LON1/LON2/DLON/H
  215  226  238  249  260  273  286  292  287  275  258  239  222  206  191  176
  166  160  156  151  145  144  143  142  140  133  125  118  111  106  102   97
   92   87   85   80   74   69   69   70   71   67   65   63   60   56   53   53
   52   52   50   47   43   40   40   41   42   43   44   47   57   70   87  100
  110  123  139  157  177  193  201  207  215
     2.5-180.0 180.0   5.0 450.0                            LAT/LON1/LON2/DLON/H
  214  222  228  232  236  244  256  265  267  263  254  242  231  218  204  190
  181  177  174  169  162  157  153  151  149  143  136  127  118  111  107  103
   99   95   91   86   81   78   80   83   83   77   74   69   65   60   57   55
   53   53   52   49   46   43   43   44   44   45   47   51   61   76   92  105
  115  126  141  160  179  194  203  208  214
