IONEX/igsg1570.02i
     1.0            IONOSPHERE MAPS     MIX                 IONEX VERSION / TYPE
tecrms2ionex_2.awk  gAGE/UPC            12/05/07  012UT     PGM / RUN BY / DATE
Global ionosphere maps for day 157, 2002 ( 6- 6-2002)       DESCRIPTION
IONEX file containing the COMBINED IGS Ionosphere maps      DESCRIPTION
from the combination of the following IAACs:                DESCRIPTION
codg                                                        DESCRIPTION
emrg                                                        DESCRIPTION
esag                                                        DESCRIPTION
jplg                                                        DESCRIPTION
upcg                                                        DESCRIPTION
Contact address: Manuel Hernandez-Pajares                   DESCRIPTION
                 Res. group of Astronomy and Geomatics      DESCRIPTION
                 Technical Univ. of Catalonia (gAGE/UPC)    DESCRIPTION
                 Mod. C3 Campus Nord UPC                    DESCRIPTION
                 E08034-Barcelona, SPAIN                    DESCRIPTION
                 e-mail:  manuel@mat.upc.es                 DESCRIPTION
                                                            DESCRIPTION
Validation with TOPEX: <TEC_TOPEX - TEC_GPS>  [TECU]        DESCRIPTION
         (reference day of year: 157)                       DESCRIPTION
                                                            DESCRIPTION
           Bias   Sigma     RMS    VTEC   %ERR    #OBS      DESCRIPTION
           0.68    4.65    4.70   23.76   19.8   44454      DESCRIPTION
                                                            DESCRIPTION
UT(hours)  Bias   Sigma     RMS    VTEC   %ERR    #OBS      DESCRIPTION
   2.00    2.10    4.02    4.54   21.54   21.1    3015      DESCRIPTION
   4.00   -0.27    4.32    4.33   25.67   16.9    4223      DESCRIPTION
   6.00   -0.57    5.58    5.61   27.81   20.2    4010      DESCRIPTION
   8.00   -1.40    6.27    6.43   26.02   24.7    4031      DESCRIPTION
  10.00    0.50    4.35    4.38   22.20   19.7    3540      DESCRIPTION
  12.00    2.74    4.58    5.34   22.28   24.0    4231      DESCRIPTION
  14.00    0.84    3.84    3.93   22.19   17.7    4583      DESCRIPTION
  16.00    1.33    3.05    3.32   20.10   16.5    3462      DESCRIPTION
  18.00    1.58    2.57    3.02   21.66   13.9    3841      DESCRIPTION
  20.00    0.82    4.70    4.77   26.36   18.1    5239      DESCRIPTION
  22.00    0.18    4.77    4.77   23.66   20.2    4279      DESCRIPTION
                                                            DESCRIPTION
Lat(deg)   Bias   Sigma     RMS    VTEC   %ERR    #OBS      DESCRIPTION
 -60.00    1.94    2.74    3.35    8.33   40.3    9609      DESCRIPTION
 -40.00    2.19    2.11    3.04    9.88   30.8    9034      DESCRIPTION
 -20.00    0.68    5.24    5.29   20.41   25.9    7017      DESCRIPTION
   0.00   -1.58    7.99    8.15   39.09   20.8    5961      DESCRIPTION
  20.00   -1.34    4.09    4.30   46.53    9.2    5118      DESCRIPTION
  40.00   -0.30    4.17    4.18   38.54   10.8    4621      DESCRIPTION
  60.00    1.52    2.32    2.77   30.57    9.1    3094      DESCRIPTION
  2002     6     6     1     0     0                        EPOCH OF FIRST MAP
  2002     6     6    23     0     0                        EPOCH OF LAST MAP
  7200                                                      INTERVAL
    12                                                      # OF MAPS IN FILE
  COSZ                                                      MAPPING FUNCTION
     0.0                                                    ELEVATION CUTOFF
Combined TEC calculated as weighted mean of input TEC valuesOBSERVABLES USED
   193                                                      # OF STATIONS
    28                                                      # OF SATELLITES
  6371.0                                                    BASE RADIUS
     2                                                      MAP DIMENSION
   450.0 450.0   0.0                                        HGT1 / HGT2 / DHGT
    87.5 -87.5  -2.5                                        LAT1 / LAT2 / DLAT
  -180.0 180.0   5.0                                        LON1 / LON2 / DLON
    -1                                                      EXPONENT
TEC values in  0.1 TECUs; 9999 if no value available        COMMENT
DCB values in nanoseconds, reference is Sum_of_SatDCBs = 0  COMMENT
                                                            END OF HEADER
[from data line 2574]
     7                                                      START OF TEC MAP
  2002     6     6    13     0     0                        EPOCH OF CURRENT MAP
    87.5-180.0 180.0   5.0 450.0                            LAT/LON1/LON2/DLON/H
  217  218  219  220  220  221  220  221  222  223  224  225  226  227  228  229
  230  231  233  234  236  237  239  241  241  245  245  245  246  247  248  248
  248  246  246  246  246  246  248  249  245  245  240  239  237  235  233  231
  229  228  226  225  224  222  221  220  219  218  218  217  216  216  215  215
  214  215  215  215  215  215  216  217  217
    85.0-180.0 180.0   5.0 450.0                            LAT/LON1/LON2/DLON/H
  209  209  210  211  212  213  214  215  216  218  219  220  222  224  226  227
  229  232  235  239  242  246  249  254  256  260  262  264  266  266  265  265
  264  262  262  262  259  258  258  257  255  254  251  248  244  241  237  234
  230  227  225  223  220  218  216  214  213  212  211  210  209  208  207  207
  207  207  207  207  208  208  208  209  209
    82.5-180.0 180.0   5.0 450.0                            LAT/LON1/LON2/DLON/H
  203  204  205  206  207  208  210  212  214  215  217  219  221  223  224  226
  227  229  235  237  242  248  252  261  265  267  267  268  271  272  273  273
  273  273  272  270  267  265  262  259  256  252  250  247  244  241  237  233
  230  226  223  221  219  217  215  213  212  210  209  207  206  205  204  204
  203  203  203  203  203  203  203  204  203
    80.0-180.0 180.0   5.0 450.0                            LAT/LON1/LON2/DLON/H
  202  202  203  204  205  206  207  208  208  208  209  209  210  213  217  211
  218  222  222  230  234  234  242  259  265  265  270  273  276  279  281  282
  282  282  279  277  273  269  265  261  257  252  249  245  242  238  235  232
  230  227  225  222  221  219  218  217  215  214  212  211  209  207  207  205
  205  205  204  204  203  203  202  202  202
    77.5-180.0 180.0   5.0 450.0                            LAT/LON1/LON2/DLON/H
  203  204  203  205  205  206  206  205  205  203  200  199  200  199  206  203
  212  215  225  223  227  231  239  246  256  263  266  272  276  279  281  282
  282  281  279  276  272  266  262  258  254  250  248  245  242  240  238  236
  234  232  231  230  229  229  227  227  225  223  221  219  218  216  214  212
  212  210  210  208  207  205  204  204  203
    75.0-180.0 180.0   5.0 450.0                            LAT/LON1/LON2/DLON/H
  206  207  207  209  208  207  207  206  204  202  199  202  199  199  199  202
  208  212  217  218  222  226  233  238  248  256  264  270  276  279  282  282
  282  279  276  271  266  261  258  254  251  249  246  246  245  244  243  243
  243  244  244  244  245  244  242  241  239  236  234  232  229  227  225  222
  221  218  217  214  212  209  207  207  206
    72.5-180.0 180.0   5.0 450.0                            LAT/LON1/LON2/DLON/H
  210  210  212  212  210  210  211  210  210  208  210  207  205  203  200  199
  199  201  204  208  212  219  226  231  240  250  260  265  270  277  281  282
  279  277  273  268  264  259  256  252  250  248  247  247  247  248  250  252
  254  256  258  259  262  261  260  258  255  251  248  245  241  237  234  231
  229  225  222  219  216  213  211  210  210
    70.0-180.0 180.0   5.0 450.0                            LAT/LON1/LON2/DLON/H
  211  212  213  212  212  213  215  217  216  218  215  214  211  208  204  202
  200  200  203  205  210  217  224  230  236  246  254  263  267  271  276  279
  277  274  271  267  262  258  254  251  249  249  249  249  251  255  258  261
  265  267  270  272  276  276  275  274  272  268  262  260  255  250  245  241
  237  232  227  222  219  214  211  210  211
    67.5-180.0 180.0   5.0 450.0                            LAT/LON1/LON2/DLON/H
  211  212  211  211  211  212  216  218  220  221  221  222  220  216  213  211
  207  207  207  208  213  219  228  234  240  248  254  261  265  268  272  274
  273  271  269  265  260  256  253  252  251  250  251  253  258  262  265  270
  273  277  279  281  284  285  285  286  284  283  278  275  270  264  258  254
  249  242  233  227  221  216  212  210  211
    65.0-180.0 180.0   5.0 450.0                            LAT/LON1/LON2/DLON/H
  209  208  206  206  205  208  212  216  221  224  227  231  230  227  225  221
  216  216  214  215  218  226  234  240  245  252  257  260  264  267  269  271
  271  271  268  266  262  258  255  255  255  255  256  259  265  269  272  275
  278  280  283  284  286  288  289  291  291  290  288  285  282  277  272  267
  261  254  245  237  230  222  214  211  209
    62.5-180.0 180.0   5.0 450.0                            LAT/LON1/LON2/DLON/H
  205  201  200  197  196  198  203  210  219  224  231  237  238  237  235  232
  227  225  222  223  227  233  239  246  251  256  260  263  268  271  273  273
  273  272  270  267  266  262  261  261  262  261  263  267  275  276  276  278
  280  281  283  285  287  290  292  294  294  295  294  293  290  287  282  277
  271  263  256  248  239  227  218  211  205
    60.0-180.0 180.0   5.0 450.0                            LAT/LON1/LON2/DLON/H
  204  196  191  185  183  185  189  197  206  216  227  236  239  241  241  239
  235  232  229  230  235  239  243  251  256  261  264  267  274  278  279  278
  278  277  275  272  272  269  268  267  268  269  274  276  283  281  279  281
  284  285  286  289  292  296  298  300  302  303  305  302  301  298  293  287
  281  273  264  253  242  229  221  211  204
    57.5-180.0 180.0   5.0 450.0                            LAT/LON1/LON2/DLON/H
  203  194  186  177  171  172  174  180  185  199  214  225  233  238  240  240
  238  236  235  236  240  244  248  255  260  264  268  273  280  284  286  287
  285  285  283  281  279  278  276  276  275  276  278  285  286  287  286  289
  291  293  295  297  302  306  308  311  312  314  316  314  314  310  307  300
  293  285  270  259  249  235  223  213  203
    55.0-180.0 180.0   5.0 450.0                            LAT/LON1/LON2/DLON/H
  207  196  185  174  164  160  159  162  167  180  196  210  222  228  232  236
  238  238  237  239  243  247  252  259  264  268  273  278  285  291  293  295
  294  294  294  292  292  289  287  286  287  287  288  293  294  297  298  300
  301  304  307  310  315  319  321  323  325  326  327  327  326  324  318  311
  302  293  279  267  256  244  229  217  207
    52.5-180.0 180.0   5.0 450.0                            LAT/LON1/LON2/DLON/H
  213  201  186  175  164  153  148  148  155  168  182  196  208  215  224  230
  235  237  240  241  246  250  255  262  267  272  279  284  292  300  305  307
  307  309  308  307  306  305  304  301  300  301  303  305  308  313  313  314
  315  318  321  326  330  335  337  338  338  339  340  340  338  334  326  317
  307  298  286  275  263  252  237  224  213
    50.0-180.0 180.0   5.0 450.0                            LAT/LON1/LON2/DLON/H
  221  207  192  180  169  154  146  145  149  160  173  187  199  208  215  224
  230  236  242  245  250  254  260  266  271  278  286  294  302  311  318  323
  324  326  326  325  325  328  325  321  319  322  324  325  328  332  331  331
  332  335  338  343  349  353  355  356  354  354  353  352  348  343  334  323
  312  302  291  281  270  259  246  233  221
    47.5-180.0 180.0   5.0 450.0                            LAT/LON1/LON2/DLON/H
  231  216  199  187  177  162  152  148  149  157  170  183  196  207  215  221
  229  237  246  252  257  260  265  271  277  287  297  308  316  326  335  341
  345  347  350  349  352  356  352  349  346  348  350  351  353  355  354  352
  353  355  358  363  370  374  376  374  370  367  364  360  357  349  340  329
  317  303  292  283  272  262  251  241  231
    45.0-180.0 180.0   5.0 450.0                            LAT/LON1/LON2/DLON/H
  237  225  210  197  186  173  163  156  155  159  171  184  198  209  219  226
  234  245  255  261  266  270  274  280  286  299  312  325  335  345  356  363
  369  373  382  382  385  390  385  382  379  380  380  380  382  382  380  375
  376  379  380  386  392  394  394  389  382  377  371  366  362  354  346  334
  320  304  291  281  271  263  254  247  237
    42.5-180.0 180.0   5.0 450.0                            LAT/LON1/LON2/DLON/H
  243  233  219  207  197  186  175  167  164  167  176  189  202  214  225  235
  246  257  269  277  282  287  289  294  301  316  332  347  359  369  381  390
  399  406  417  420  424  425  426  424  417  417  416  415  415  413  409  402
  401  403  404  408  413  412  408  398  388  381  374  367  363  357  349  338
  322  306  294  282  273  266  258  251  243
    40.0-180.0 180.0   5.0 450.0                            LAT/LON1/LON2/DLON/H
  248  239  227  217  209  199  189  179  174  175  182  194  208  219  231  245
  260  275  287  297  303  309  311  315  323  335  356  373  388  399  407  421
  431  439  451  458  463  465  471  466  459  458  455  454  450  448  442  432
  428  427  427  431  432  431  422  407  394  384  375  366  360  354  349  339
  326  311  300  287  278  271  264  255  248
    37.5-180.0 180.0   5.0 450.0                            LAT/LON1/LON2/DLON/H
  255  247  237  228  220  211  201  191  185  183  188  200  211  224  239  256
  275  293  307  317  325  332  334  338  348  361  383  402  417  429  441  455
  463  472  482  493  500  503  512  509  501  503  499  496  494  490  478  468
  459  453  453  453  454  451  440  422  406  392  378  366  358  352  349  342
  332  320  310  298  288  279  270  262  255
    35.0-180.0 180.0   5.0 450.0                            LAT/LON1/LON2/DLON/H
  265  256  248  240  232  222  213  203  195  191  195  203  213  229  245  265
  287  309  325  337  344  351  355  361  374  389  411  429  443  455  466  481
  492  501  514  525  532  541  548  550  546  539  541  538  534  530  517  505
  493  486  485  481  481  477  465  446  427  406  388  372  362  355  351  346
  339  331  324  315  303  291  281  272  265
    32.5-180.0 180.0   5.0 450.0                            LAT/LON1/LON2/DLON/H
  277  269  260  253  244  235  226  214  204  199  201  207  216  232  250  272
  296  320  339  352  361  366  372  380  396  414  437  454  465  474  486  504
  518  529  543  553  560  570  577  580  580  577  581  578  573  566  558  548
  538  530  532  525  522  515  501  479  457  430  404  385  372  363  357  350
  345  342  339  333  322  308  297  286  277
    30.0-180.0 180.0   5.0 450.0                            LAT/LON1/LON2/DLON/H
  292  283  276  268  258  249  236  223  212  206  207  211  220  234  253  276
  301  325  346  362  371  378  385  394  411  431  454  472  482  492  504  520
  538  551  566  578  587  595  601  609  612  612  616  616  612  608  604  603
  598  591  596  584  576  566  548  522  492  459  427  402  384  369  361  354
  351  350  350  348  340  328  316  304  292
    27.5-180.0 180.0   5.0 450.0                            LAT/LON1/LON2/DLON/H
  309  300  292  281  271  262  248  232  220  212  211  215  224  236  254  277
  302  326  348  364  377  387  396  404  421  442  464  483  495  505  517  535
  554  570  585  597  608  617  625  635  641  642  649  653  654  652  657  661
  664  667  664  643  631  618  595  565  531  490  450  417  391  372  360  353
  351  352  355  356  353  344  334  321  309
    25.0-180.0 180.0   5.0 450.0                            LAT/LON1/LON2/DLON/H
  322  314  306  297  286  274  260  244  229  219  215  217  223  237  253  274
  298  322  344  361  377  390  401  413  428  450  473  492  505  514  529  547
  567  586  602  616  631  641  650  663  670  671  681  691  696  695  706  715
  731  735  720  690  671  657  632  601  561  513  464  424  390  366  352  345
  345  345  349  355  358  354  348  336  322
    22.5-180.0 180.0   5.0 450.0                            LAT/LON1/LON2/DLON/H
  332  324  316  308  298  285  272  256  240  227  220  218  222  234  248  268
  290  315  336  354  373  390  403  416  436  458  483  502  515  524  540  560
  583  606  625  639  657  668  679  694  701  703  715  722  731  734  745  762
  784  785  754  719  695  678  652  618  574  521  467  421  381  356  342  333
  333  333  338  348  354  355  352  343  332
    20.0-180.0 180.0   5.0 450.0                            LAT/LON1/LON2/DLON/H
  335  328  319  311  303  293  282  267  251  236  226  222  223  230  243  261
  280  305  328  348  368  386  403  420  440  466  491  511  526  540  557  579
  602  627  649  665  684  695  706  722  726  729  739  747  756  765  770  787
  804  799  763  729  704  682  651  614  567  509  455  409  369  346  333  322
  315  320  327  336  342  346  347  339  335
    17.5-180.0 180.0   5.0 450.0                            LAT/LON1/LON2/DLON/H
  329  323  313  306  298  290  285  272  257  243  231  225  222  227  238  253
  271  295  320  342  362  382  401  423  444  473  499  522  542  561  579  601
  623  650  673  689  704  720  730  739  745  747  759  765  771  773  772  784
  792  782  755  728  702  674  639  600  550  491  439  396  360  339  328  315
  305  308  315  326  330  334  335  330  329
    15.0-180.0 180.0   5.0 450.0                            LAT/LON1/LON2/DLON/H
  315  309  299  295  287  281  280  269  255  242  229  221  218  222  231  244
  263  287  311  334  350  377  400  424  448  479  508  536  560  584  602  623
  646  672  694  711  725  740  750  756  758  760  765  765  768  767  761  767
  766  756  739  717  691  658  621  583  535  482  432  390  357  339  330  316
  302  301  309  318  322  322  321  317  315
    12.5-180.0 180.0   5.0 450.0                            LAT/LON1/LON2/DLON/H
  295  290  282  280  273  269  268  259  245  233  220  212  210  212  219  232
  253  278  302  324  345  370  397  424  452  486  520  551  579  601  622  642
  664  687  708  725  740  750  759  764  761  762  763  761  760  754  745  745
  742  731  717  698  673  639  604  567  525  481  435  393  361  345  338  323
  310  305  309  317  317  310  305  299  295
    10.0-180.0 180.0   5.0 450.0                            LAT/LON1/LON2/DLON/H
  273  268  265  262  259  257  254  245  229  219  207  198  197  196  202  215
  238  266  295  318  340  366  395  426  456  494  532  566  593  615  633  652
  673  696  716  732  746  752  757  761  756  757  759  757  753  742  730  725
  717  705  690  674  651  620  591  560  526  490  451  410  378  362  353  340
  327  319  318  322  316  303  294  281  273
     7.5-180.0 180.0   5.0 450.0                            LAT/LON1/LON2/DLON/H
  258  252  251  249  247  245  240  228  211  201  191  183  180  179  182  196
  222  252  286  311  333  360  393  428  466  504  542  575  600  620  637  652
  673  696  715  729  741  745  748  750  748  750  755  752  745  732  716  707
  695  680  671  658  638  610  589  565  539  511  477  441  409  390  380  366
  352  343  338  337  326  306  288  270  258
     5.0-180.0 180.0   5.0 450.0                            LAT/LON1/LON2/DLON/H
  253  243  242  239  238  235  227  214  196  184  175  167  163  162  168  183
  208  245  276  304  331  361  397  437  477  513  548  577  599  616  631  643
  663  686  708  718  728  734  734  736  738  740  745  743  735  721  707  696
  682  669  657  646  625  600  590  579  562  540  511  479  448  429  421  407
  393  384  373  361  342  315  288  267  253
     2.5-180.0 180.0   5.0 450.0                            LAT/LON1/LON2/DLON/H
  253  242  238  235  232  226  215  200  183  169  160  153  149  147  153  169
  200  240  270  302  334  368  407  447  485  517  547  572  591  606  617  628
  646  667  688  697  705  712  712  713  715  720  725  727  720  710  696  684
  670  657  645  633  611  589  589  591  585  567  544  513  476  454  452  445
  434  427  410  392  366  336  302  273  253
