IONEX/igsg3480.08i
     1.0            IONOSPHERE MAPS     MIX                 IONEX VERSION / TYPE
cmpcmb v1.2          GRL/UWM            23-dec-08 10:16     PGM / RUN BY / DATE 
ionex file containing IGS COMBINED Ionosphere maps          COMMENT             
global ionosphere maps for day 348, 2008                    DESCRIPTION         
IONEX file containing the COMBINED IGS TEC MAPS and DCBs    DESCRIPTION         
      IONEX files of the following IAACs were combined: cod DESCRIPTION         
                                                        esa DESCRIPTION         
                                                        jpl DESCRIPTION         
                                                        upc DESCRIPTION         
Contact address: Andrzej Krankowski                         DESCRIPTION
                 Geodynamics Research Laboratory            DESCRIPTION
                 University of Warmia and Mazury (GRL/UWM)  DESCRIPTION
                 Oczapowski St. 1                           DESCRIPTION
                 10-957-Olsztyn, POLAND                     DESCRIPTION
                 e-mail:  kand@uwm.edu.pl                   DESCRIPTION
                                                            DESCRIPTION
  2008    12    13     0     0     0                        EPOCH OF FIRST MAP  
  2008    12    14     0     0     0                        EPOCH OF LAST MAP   
  7200                                                      INTERVAL            
    13                                                      # OF MAPS IN FILE   
  COSZ                                                      MAPPING FUNCTION    
     0.0                                                    ELEVATION CUTOFF    
combined TEC calculated as weighted mean of input TEC valuesOBSERVABLES USED    
   373                                                      # OF STATIONS       
    32                                                      # OF SATELLITES     
  6371.0                                                    BASE RADIUS         
     2                                                      MAP DIMENSION       
   450.0 450.0   0.0                                        HGT1 / HGT2 / DHGT  
    87.5 -87.5  -2.5                                        LAT1 / LAT2 / DLAT  
  -180.0 180.0   5.0                                        LON1 / LON2 / DLON  
    -1                                                      EXPONENT            
TEC values in 0.1 tec units;  9999, if no value available   COMMENT             
DCB values in nanoseconds, reference is Sum_of_SatDCBs = 0  COMMENT             
                                                            END OF HEADER       
[from data line 429]
     2                                                      START OF TEC MAP    
  2008    12    13     2     0     0                        EPOCH OF CURRENT MAP
    87.5-180.0 180.0   5.0 450.0                            LAT/LON1/LON2/DLON/H
   17   17   17   17   18   18   18   18   18   18   18   18   18   18   18   18
   18   18   18   17   17   17   17   16   16   16   16   16   16   16   16   16
   16   16   16   16   16   16   16   16   16   16   16   16   16   16   16   15
   15   15   15   15   15   15   15   15   15   15   15   15   15   15   15   15
   15   15   15   15   16   16   16   17   17
    85.0-180.0 180.0   5.0 450.0                            LAT/LON1/LON2/DLON/H
   18   18   19   19   20   20   20   21   21   21   21   21   21   20   20   20
   19   19   18   17   17   16   16   15   14   14   15   15   15   14   15   15
   15   15   15   16   16   16   17   17   17   17   17   17   17   17   17   16
   16   15   15   15   15   15   14   14   14   14   14   14   14   14   14   14
   14   15   15   15   16   16   16   17   18
    82.5-180.0 180.0   5.0 450.0                            LAT/LON1/LON2/DLON/H
   19   19   20   20   21   22   23   23   23   23   23   23   22   22   21   20
   19   18   17   17   16   15   14   13   12   12   12   12   12   12   13   13
   14   15   16   17   18   18   19   19   19   20   20   20   20   19   19   18
   17   16   16   15   14   14   14   14   14   14   13   13   13   13   13   14
   14   14   15   15   16   16   16   17   19
    80.0-180.0 180.0   5.0 450.0                            LAT/LON1/LON2/DLON/H
   19   20   21   22   23   24   25   26   26   25   25   25   24   23   21   20
   19   17   16   14   13   13   11   11   10   10   10   10   10   11   11   12
   13   14   15   17   18   20   21   22   22   22   23   23   23   22   21   21
   20   19   17   15   14   14   14   13   13   13   13   13   13   13   14   14
   14   15   15   16   16   17   17   18   19
    77.5-180.0 180.0   5.0 450.0                            LAT/LON1/LON2/DLON/H
   21   22   23   23   24   25   26   27   27   27   26   25   24   23   21   19
   17   16   14   13   12   11   10   10    9   10   10   10   10   11   11   12
   12   14   15   17   18   19   21   23   24   25   26   25   26   25   24   23
   22   20   18   16   15   14   14   13   13   14   14   14   14   14   15   15
   16   16   16   17   18   18   19   20   21
    75.0-180.0 180.0   5.0 450.0                            LAT/LON1/LON2/DLON/H
   24   25   25   25   26   27   27   27   27   27   26   25   23   21   20   18
   17   16   14   13   12   11   11   10   10   10   10   11   11   12   12   12
   13   13   16   17   19   20   22   23   25   27   28   28   28   28   27   25
   23   22   19   18   17   15   15   14   14   15   16   16   17   18   18   20
   21   22   22   23   23   23   23   24   24
    72.5-180.0 180.0   5.0 450.0                            LAT/LON1/LON2/DLON/H
   30   29   29   28   28   28   28   27   27   26   24   23   22   20   19   17
   16   15   14   14   12   12   12   11   12   12   12   12   14   14   14   13
   13   14   15   17   19   21   22   24   25   27   28   29   29   29   28   26
   24   22   20   19   18   17   16   16   17   18   20   22   23   25   27   28
   29   30   30   30   30   30   30   30   30
    70.0-180.0 180.0   5.0 450.0                            LAT/LON1/LON2/DLON/H
   36   35   34   33   32   30   29   27   26   24   23   21   20   18   18   17
   16   15   15   15   13   13   13   12   13   13   15   14   14   16   15   15
   14   15   15   16   17   19   20   22   23   25   26   28   28   28   28   26
   24   22   20   19   18   17   18   19   20   23   26   28   30   33   35   37
   38   38   39   40   39   39   38   37   36
    67.5-180.0 180.0   5.0 450.0                            LAT/LON1/LON2/DLON/H
   43   41   40   38   36   34   31   29   26   24   22   19   18   17   16   16
   16   15   15   15   15   16   15   15   16   17   17   17   15   16   15   15
   15   15   15   15   15   16   17   19   20   22   23   25   25   26   26   25
   23   22   20   19   18   19   20   22   24   27   30   34   36   40   42   44
   46   47   48   48   47   47   45   44   43
    65.0-180.0 180.0   5.0 450.0                            LAT/LON1/LON2/DLON/H
   50   49   47   44   42   39   35   32   28   24   21   19   17   16   15   15
   16   16   18   18   18   17   17   17   17   20   19   19   17   16   16   13
   13   14   14   14   13   14   15   16   17   17   19   21   23   24   24   24
   23   22   21   20   20   21   22   25   28   31   35   38   41   44   47   50
   51   52   54   54   54   54   53   52   50
    62.5-180.0 180.0   5.0 450.0                            LAT/LON1/LON2/DLON/H
   57   56   54   51   47   44   40   35   31   26   23   20   17   16   16   16
   17   18   19   20   19   18   17   17   17   20   19   19   18   17   16   14
   13   14   14   14   13   13   13   14   14   15   16   19   21   23   24   24
   23   22   21   22   22   24   26   29   33   36   39   42   45   48   50   53
   55   57   58   59   59   59   59   58   57
    60.0-180.0 180.0   5.0 450.0                            LAT/LON1/LON2/DLON/H
   63   62   60   57   53   49   44   39   34   29   25   22   19   17   17   17
   18   19   20   20   18   17   16   16   16   17   18   19   18   18   18   19
   16   16   16   15   14   15   15   15   14   15   16   19   21   24   25   25
   24   24   23   24   25   27   30   33   38   41   44   47   49   51   54   56
   58   60   61   62   63   63   63   63   63
    57.5-180.0 180.0   5.0 450.0                            LAT/LON1/LON2/DLON/H
   68   67   65   63   58   53   48   43   38   33   28   25   22   20   19   19
   19   20   20   19   17   14   14   14   14   16   18   19   20   21   21   25
   23   21   20   19   19   19   18   18   17   17   19   21   23   27   28   28
   27   27   26   27   28   31   34   38   43   46   50   53   54   56   58   60
   62   63   64   64   65   66   67   68   68
    55.0-180.0 180.0   5.0 450.0                            LAT/LON1/LON2/DLON/H
   72   72   70   66   63   58   52   47   42   37   32   29   25   23   21   21
   20   20   19   17   15   13   13   14   15   16   19   22   24   27   28   32
   30   29   27   26   25   25   24   23   23   22   24   26   28   31   32   32
   32   31   30   30   32   36   39   44   48   52   56   59   61   62   64   66
   67   68   68   68   68   68   70   71   72
    52.5-180.0 180.0   5.0 450.0                            LAT/LON1/LON2/DLON/H
   76   76   75   72   67   61   56   50   45   41   37   32   29   26   24   23
   22   21   19   17   15   14   15   17   18   20   23   27   30   33   36   38
   38   37   36   35   33   33   32   31   29   29   30   32   34   36   37   36
   35   35   34   34   36   40   44   50   55   59   63   66   68   70   72   74
   74   74   73   72   72   71   72   74   76
    50.0-180.0 180.0   5.0 450.0                            LAT/LON1/LON2/DLON/H
   80   81   79   76   71   65   59   55   49   45   40   36   33   30   27   26
   25   23   21   20   18   18   19   21   23   27   30   34   39   42   45   46
   45   45   44   43   41   40   40   38   36   36   37   38   39   40   41   40
   39   39   38   38   41   46   51   56   61   66   70   73   76   79   81   82
   82   81   79   77   75   74   76   77   80
    47.5-180.0 180.0   5.0 450.0                            LAT/LON1/LON2/DLON/H
   83   85   83   80   75   69   63   59   53   49   45   41   38   34   31   29
   28   27   26   24   24   25   27   29   32   35   39   44   48   52   53   54
   52   52   51   49   48   47   46   44   42   42   42   43   44   45   45   45
   44   43   43   44   48   53   58   63   68   72   77   80   83   86   88   89
   89   87   85   82   80   78   79   80   83
    45.0-180.0 180.0   5.0 450.0                            LAT/LON1/LON2/DLON/H
   85   88   87   84   79   74   69   64   58   54   50   46   42   39   36   35
   34   33   33   33   34   36   38   41   44   46   50   53   57   60   61   61
   59   56   55   54   53   52   51   49   47   47   48   48   49   50   50   50
   49   48   49   51   56   61   65   69   73   76   80   84   88   91   93   94
   95   92   90   87   84   81   81   83   85
    42.5-180.0 180.0   5.0 450.0                            LAT/LON1/LON2/DLON/H
   86   88   88   86   82   78   74   68   64   60   57   53   49   45   42   41
   41   41   42   44   46   50   53   56   58   59   60   62   64   65   65   65
   63   60   58   58   57   56   54   52   51   51   52   52   53   54   54   54
   53   54   55   59   63   68   72   74   76   78   81   85   89   93   96   97
   97   96   93   90   87   84   83   84   86
    40.0-180.0 180.0   5.0 450.0                            LAT/LON1/LON2/DLON/H
   85   87   87   87   85   81   78   73   70   67   63   59   55   51   49   49
   50   51   53   56   60   65   69   71   71   71   70   69   69   68   68   66
   65   63   61   61   60   59   56   54   53   54   55   56   57   58   58   58
   57   59   61   65   70   75   77   78   78   79   81   84   88   92   96   98
   98   98   97   94   92   88   85   84   85
    37.5-180.0 180.0   5.0 450.0                            LAT/LON1/LON2/DLON/H
   84   84   85   86   85   82   80   77   76   74   70   66   62   59   57   58
   59   62   63   67   72   77   82   84   83   80   77   75   73   69   68   68
   67   66   65   65   64   61   58   55   55   56   57   58   59   60   60   61
   60   62   66   71   76   81   82   81   80   80   81   84   89   94   97  100
  103  103  102  101   97   92   88   85   84
    35.0-180.0 180.0   5.0 450.0                            LAT/LON1/LON2/DLON/H
   82   81   81   82   82   82   81   81   80   80   77   73   69   67   65   66
   68   70   73   76   81   87   92   94   92   87   82   78   73   71   70   69
   70   68   69   70   68   64   60   58   57   59   59   59   61   62   62   62
   62   64   69   74   81   86   87   85   83   82   84   88   93   98  103  108
  110  112  113  112  108  101   94   87   82
    32.5-180.0 180.0   5.0 450.0                            LAT/LON1/LON2/DLON/H
   85   79   77   78   79   81   81   82   83   84   83   80   77   74   73   73
   75   77   79   82   86   93   97   98   96   92   85   79   73   71   71   71
   72   72   73   74   72   68   63   60   59   60   60   61   61   62   62   62
   62   64   70   77   84   90   92   91   89   88   91   96  103  110  116  121
  124  127  130  129  125  116  105   94   85
    30.0-180.0 180.0   5.0 450.0                            LAT/LON1/LON2/DLON/H
   93   83   77   75   77   79   80   82   84   85   86   84   82   80   78   79
   79   81   82   83   88   94   98   98   96   91   84   78   74   72   73   73
   74   76   78   79   76   71   66   63   61   61   60   60   61   61   61   61
   60   63   70   79   87   94   98   99   99  101  104  112  120  129  137  143
  146  150  154  153  150  138  124  109   93
    27.5-180.0 180.0   5.0 450.0                            LAT/LON1/LON2/DLON/H
  109   93   81   77   76   79   80   81   84   87   88   86   84   82   81   81
   81   81   83   84   87   92   94   94   91   87   81   78   76   74   75   76
   78   80   81   81   79   73   67   63   62   61   60   58   59   59   59   59
   59   62   69   79   89   99  105  110  114  118  124  132  143  155  164  171
  175  180  184  184  180  167  150  131  109
    25.0-180.0 180.0   5.0 450.0                            LAT/LON1/LON2/DLON/H
  134  111   94   85   82   81   81   82   85   88   88   86   84   82   81   79
   79   79   81   82   85   87   89   87   84   81   78   76   76   76   78   79
   81   83   83   82   79   72   66   62   60   59   57   55   55   56   57   57
   56   60   68   79   92  103  114  123  131  139  148  157  172  184  194  203
  209  213  216  216  211  197  181  160  134
    22.5-180.0 180.0   5.0 450.0                            LAT/LON1/LON2/DLON/H
  164  136  115   98   90   87   85   86   87   89   89   86   83   79   77   75
   75   76   77   78   80   82   83   81   79   76   75   75   76   78   80   81
   83   83   83   80   76   69   63   60   57   56   53   51   51   52   53   53
   53   58   67   80   94  109  123  136  148  160  171  183  197  214  224  235
  241  242  242  242  236  226  214  192  164
    20.0-180.0 180.0   5.0 450.0                            LAT/LON1/LON2/DLON/H
  194  163  137  116  102   97   93   93   93   93   92   88   82   77   73   71
   70   72   73   74   76   78   78   77   75   74   73   74   76   78   80   81
   82   81   80   76   72   65   59   56   54   51   48   46   47   48   48   49
   51   57   67   80   96  113  130  148  165  180  191  202  216  232  244  255
  258  257  257  257  255  249  239  221  194
    17.5-180.0 180.0   5.0 450.0                            LAT/LON1/LON2/DLON/H
  219  186  160  135  117  109  104  102  102  100   98   91   84   77   72   69
   68   70   71   73   74   76   76   75   74   74   74   74   75   78   79   80
   80   79   76   71   67   60   55   51   48   45   42   42   42   43   43   45
   49   56   67   82  100  119  139  159  178  195  205  213  225  238  252  258
  259  257  258  260  261  260  256  243  219
    15.0-180.0 180.0   5.0 450.0                            LAT/LON1/LON2/DLON/H
  237  207  179  154  133  121  115  112  112  110  105   97   87   79   73   70
   69   71   72   74   76   78   76   75   74   76   75   75   74   76   77   77
   77   75   71   66   61   56   50   46   43   40   38   39   39   40   41   43
   49   56   69   86  105  125  146  168  188  203  211  217  225  234  245  249
  249  248  250  251  255  258  260  255  237
    12.5-180.0 180.0   5.0 450.0                            LAT/LON1/LON2/DLON/H
  244  221  197  173  150  135  127  124  123  121  115  105   93   84   77   74
   73   73   73   74   76   79   78   77   79   79   77   76   74   73   74   75
   73   70   66   62   57   51   45   41   38   36   36   37   38   38   39   43
   49   58   72   90  109  131  153  174  192  206  212  214  219  225  232  235
  234  234  235  238  243  250  256  256  244
    10.0-180.0 180.0   5.0 450.0                            LAT/LON1/LON2/DLON/H
  247  231  212  190  169  153  143  137  135  133  127  115  102   92   85   82
   79   77   76   76   77   79   81   83   85   84   82   78   73   71   70   72
   70   66   63   58   52   46   41   38   36   35   36   37   37   38   39   42
   49   61   76   94  113  134  155  175  193  204  209  210  211  215  219  221
  221  222  224  227  231  239  248  252  247
     7.5-180.0 180.0   5.0 450.0                            LAT/LON1/LON2/DLON/H
  247  238  224  206  187  171  159  153  149  146  139  127  113  101   94   91
   88   84   83   80   80   81   85   91   93   92   89   83   77   72   71   70
   68   65   61   56   51   45   41   39   37   36   37   38   39   39   40   43
   51   64   79   97  115  134  155  174  190  201  206  206  206  209  211  212
  214  217  221  224  226  233  241  248  247
     5.0-180.0 180.0   5.0 450.0                            LAT/LON1/LON2/DLON/H
  249  244  235  221  204  189  176  168  163  159  151  139  125  114  106  101
   98   94   92   88   85   86   92  100  102  102   97   89   81   74   73   70
   68   65   62   57   52   47   44   42   40   39   39   40   40   40   40   44
   53   66   81   97  114  132  151  171  187  199  204  206  207  208  210  212
  216  222  228  231  232  236  242  248  249
     2.5-180.0 180.0   5.0 450.0                            LAT/LON1/LON2/DLON/H
  257  253  246  233  219  203  190  181  175  170  162  150  136  127  119  114
  109  104  101   95   92   93  100  108  111  111  105   94   85   77   76   72
   71   68   65   60   55   51   49   47   44   42   42   41   41   40   41   46
   56   69   83   97  112  128  147  166  183  197  205  210  212  214  217  220
  226  236  245  249  249  251  253  256  257
