IONEX/igsg3480.08i
     1.0            IONOSPHERE MAPS     MIX                 IONEX VERSION / TYPE
cmpcmb v1.2          GRL/UWM            23-dec-08 10:16     PGM / RUN BY / DATE 
ionex file containing IGS COMBINED Ionosphere maps          COMMENT             
global ionosphere maps for day 348, 2008                    DESCRIPTION         
IONEX file containing the COMBINED IGS TEC MAPS and DCBs    DESCRIPTION         
      IONEX files of the following IAACs were combined: cod DESCRIPTION         
                                                        esa DESCRIPTION         
                                                        jpl DESCRIPTION         
                                                        upc DESCRIPTION         
Contact address: Andrzej Krankowski                         DESCRIPTION
                 Geodynamics Research Laboratory            DESCRIPTION
                 University of Warmia and Mazury (GRL/UWM)  DESCRIPTION
                 Oczapowski St. 1                           DESCRIPTION
                 10-957-Olsztyn, POLAND                     DESCRIPTION
                 e-mail:  kand@uwm.edu.pl                   DESCRIPTION
                                                            DESCRIPTION
  2008    12    13     0     0     0                        EPOCH OF FIRST MAP  
  2008    12    14     0     0     0                        EPOCH OF LAST MAP   
  7200                                                      INTERVAL            
    13                                                      # OF MAPS IN FILE   
  COSZ                                                      MAPPING FUNCTION    
     0.0                                                    ELEVATION CUTOFF    
combined TEC calculated as weighted mean of input TEC valuesOBSERVABLES USED    
   373                                                      # OF STATIONS       
    32                                                      # OF SATELLITES     
  6371.0                                                    BASE RADIUS         
     2                                                      MAP DIMENSION       
   450.0 450.0   0.0                                        HGT1 / HGT2 / DHGT  
    87.5 -87.5  -2.5                                        LAT1 / LAT2 / DLAT  
  -180.0 180.0   5.0                                        LON1 / LON2 / DLON  
    -1                                                      EXPONENT            
TEC values in 0.1 tec units;  9999, if no value available   COMMENT             
DCB values in nanoseconds, reference is Sum_of_SatDCBs = 0  COMMENT             
                                                            END OF HEADER       
[from data line 3003]
     8                                                      START OF TEC MAP    
  2008    12    13    14     0     0                        EPOCH OF CURRENT MAP
    87.5-180.0 180.0   5.0 450.0                            LAT/LON1/LON2/DLON/H
   10   10    9    9    9    9    9    9    9    9    9    9    9    9    9    9
    9    9    9    9    9    9    9    9    9   10   10   10   10   10   10   10
   11   11   11   11   11   11   12   12   12   12   12   12   12   12   12   12
   12   12   13   13   12   12   12   12   12   12   12   12   12   12   12   11
   11   11   11   11   10   10   10   10   10
    85.0-180.0 180.0   5.0 450.0                            LAT/LON1/LON2/DLON/H
   10   10    9    9    8    8    8    7    7    7    7    7    7    7    7    7
    7    7    7    8    8    8    8    8    9    9   10   10   11   11   12   12
   13   13   14   14   14   15   15   15   15   15   14   15   14   14   14   14
   14   14   14   14   14   14   14   14   14   14   14   14   14   14   14   13
   13   13   13   12   12   11   11   11   10
    82.5-180.0 180.0   5.0 450.0                            LAT/LON1/LON2/DLON/H
   10    9    9    9    9    9    8    8    8    7    7    7    7    7    7    7
    7    7    8    8    8    8    8    8    9   11   12   13   13   14   15   16
   17   17   17   17   18   18   17   17   17   17   16   16   16   15   15   15
   15   14   15   15   15   15   15   16   16   16   16   16   16   16   16   15
   15   15   14   14   13   13   12   11   10
    80.0-180.0 180.0   5.0 450.0                            LAT/LON1/LON2/DLON/H
   12   11   11   11   11   10    9    9    9    9    8    8    8    8    8    8
    8    8    8    8    8    9    9   10   11   11   12   13   14   16   17   18
   19   20   20   20   20   20   20   20   19   19   18   17   16   16   15   14
   14   14   14   14   15   15   16   16   17   17   17   17   17   17   17   17
   17   17   16   16   15   14   13   12   12
    77.5-180.0 180.0   5.0 450.0                            LAT/LON1/LON2/DLON/H
   13   13   13   13   12   12   11   11   10   10    9    9    9    9    9    9
    9    9   10   10   10   10   10   11   11   12   14   15   17   18   20   20
   22   22   23   24   24   23   23   22   21   20   19   18   16   15   14   13
   13   12   13   13   14   14   16   16   16   17   17   17   17   17   18   18
   18   17   17   16   15   15   15   14   13
    75.0-180.0 180.0   5.0 450.0                            LAT/LON1/LON2/DLON/H
   14   14   14   14   14   14   13   13   12   11   11   11   11   11   10   11
   11   11   12   13   13   13   14   15   15   16   17   18   19   20   22   24
   25   26   27   27   27   26   25   24   23   21   20   17   16   14   13   12
   11   12   11   12   13   14   15   15   16   16   16   17   17   17   18   17
   17   17   17   16   15   15   14   14   14
    72.5-180.0 180.0   5.0 450.0                            LAT/LON1/LON2/DLON/H
   14   14   15   15   15   14   13   13   12   12   11   11   12   12   12   12
   13   14   15   16   17   17   18   19   19   20   21   21   22   24   25   27
   28   29   29   29   29   28   27   25   24   22   20   17   16   14   13   12
   11   11   12   12   13   14   14   15   16   16   16   16   16   16   16   16
   16   16   16   16   16   14   14   14   14
    70.0-180.0 180.0   5.0 450.0                            LAT/LON1/LON2/DLON/H
   16   16   16   16   16   15   14   13   12   12   11   11   12   12   12   13
   14   16   18   19   20   21   21   23   23   24   24   25   27   28   29   30
   31   32   32   32   31   29   28   27   24   23   20   18   16   14   12   12
   12   12   13   13   13   14   15   15   16   17   17   17   17   16   17   17
   17   17   17   16   16   15   15   15   16
    67.5-180.0 180.0   5.0 450.0                            LAT/LON1/LON2/DLON/H
   18   18   18   17   17   16   15   14   13   12   11   11   12   12   12   13
   15   17   19   21   23   24   25   26   27   27   29   30   31   32   34   35
   35   36   36   35   33   31   29   27   25   24   21   19   17   15   14   13
   13   13   14   14   15   16   17   17   18   18   19   19   19   19   19   19
   19   18   18   18   18   18   18   18   18
    65.0-180.0 180.0   5.0 450.0                            LAT/LON1/LON2/DLON/H
   22   22   21   20   19   18   17   15   14   13   11   11   11   11   11   12
   14   17   19   22   25   27   29   31   31   32   33   36   36   38   39   40
   40   40   39   38   36   33   30   28   26   25   23   21   20   18   17   16
   15   15   15   16   17   19   20   21   21   21   21   21   22   22   22   22
   22   21   21   21   21   22   22   22   22
    62.5-180.0 180.0   5.0 450.0                            LAT/LON1/LON2/DLON/H
   28   27   26   25   23   21   19   17   15   14   13   11   11   10   10   12
   13   16   19   24   28   30   33   35   36   38   40   41   42   44   45   45
   46   45   44   41   37   34   32   30   28   27   27   26   24   23   21   19
   18   17   18   19   20   23   24   25   26   25   25   25   26   26   26   26
   26   26   26   27   27   27   28   28   28
    60.0-180.0 180.0   5.0 450.0                            LAT/LON1/LON2/DLON/H
   34   34   33   31   29   26   24   21   19   17   15   13   12   12   11   12
   14   16   20   25   30   33   36   39   40   43   45   47   48   50   51   52
   52   51   48   45   41   36   34   32   32   31   31   31   29   28   26   23
   22   22   22   23   24   26   27   28   30   30   30   30   31   30   31   31
   32   32   32   32   33   33   34   34   34
    57.5-180.0 180.0   5.0 450.0                            LAT/LON1/LON2/DLON/H
   41   42   40   39   36   33   30   27   24   22   19   18   15   14   13   14
   15   18   22   27   31   35   39   42   45   48   51   52   54   56   57   58
   57   55   53   49   45   40   37   36   36   36   37   37   36   34   31   27
   26   26   26   28   29   30   30   31   33   35   36   35   36   36   36   36
   36   36   36   37   38   39   40   41   41
    55.0-180.0 180.0   5.0 450.0                            LAT/LON1/LON2/DLON/H
   49   49   49   47   45   42   38   35   32   29   26   24   21   18   17   17
   18   20   24   30   34   38   42   46   50   53   56   58   59   61   62   63
   62   59   57   54   50   46   43   42   42   43   44   44   42   40   36   33
   32   32   31   32   32   33   33   34   36   39   40   39   40   41   41   40
   39   40   40   42   44   44   45   47   49
    52.5-180.0 180.0   5.0 450.0                            LAT/LON1/LON2/DLON/H
   54   56   57   55   54   51   47   44   41   37   35   32   28   25   23   22
   22   25   28   33   38   42   46   51   54   58   61   63   64   65   65   66
   66   64   62   59   57   54   51   50   49   50   52   52   50   46   42   38
   37   36   36   36   36   37   38   39   40   42   43   43   43   43   44   44
   43   44   44   46   47   48   49   52   54
    50.0-180.0 180.0   5.0 450.0                            LAT/LON1/LON2/DLON/H
   58   60   62   62   62   60   56   53   50   47   43   40   36   32   29   28
   28   30   34   39   43   47   51   55   59   63   66   67   68   69   69   69
   69   68   67   66   64   63   60   58   57   58   58   58   56   51   47   43
   41   41   40   40   41   43   43   44   45   46   46   47   47   47   47   47
   47   47   47   48   48   49   51   54   58
    47.5-180.0 180.0   5.0 450.0                            LAT/LON1/LON2/DLON/H
   58   61   64   66   67   66   63   61   58   55   52   49   44   40   36   34
   34   37   41   45   50   53   57   61   65   68   71   72   73   73   73   72
   72   73   73   73   73   73   70   68   66   65   65   64   61   56   52   49
   47   46   46   47   48   50   51   51   51   50   50   51   51   51   50   50
   50   50   50   50   49   50   51   54   58
    45.0-180.0 180.0   5.0 450.0                            LAT/LON1/LON2/DLON/H
   57   61   65   68   69   69   68   66   65   63   61   57   52   47   43   41
   41   45   49   54   58   62   65   69   72   74   76   78   79   77   77   76
   75   77   79   80   82   82   81   77   75   73   70   69   66   63   59   56
   54   53   52   54   56   57   57   57   55   55   53   53   54   54   53   53
   52   51   51   50   50   50   52   54   57
    42.5-180.0 180.0   5.0 450.0                            LAT/LON1/LON2/DLON/H
   55   58   62   65   68   69   69   69   69   69   67   63   58   53   49   47
   48   53   58   64   68   72   75   78   80   81   82   84   84   83   81   79
   79   81   84   87   90   91   90   87   83   79   76   74   71   69   65   62
   61   60   60   61   63   63   63   60   59   57   55   54   55   55   55   54
   53   52   51   51   51   50   51   52   55
    40.0-180.0 180.0   5.0 450.0                            LAT/LON1/LON2/DLON/H
   53   55   57   61   64   66   68   70   72   73   71   68   63   58   54   53
   56   61   67   73   78   83   85   87   90   89   89   90   90   88   86   84
   85   87   91   94   98   99   99   96   91   86   81   79   77   74   71   68
   66   66   66   67   69   68   66   63   60   58   56   56   56   56   56   55
   54   52   51   51   50   49   50   51   53
    37.5-180.0 180.0   5.0 450.0                            LAT/LON1/LON2/DLON/H
   50   51   53   55   59   62   66   68   72   74   74   71   66   63   59   60
   63   68   76   83   88   92   95   97   98   97   96   97   97   95   93   92
   92   95   98  102  105  107  107  104   99   94   87   84   82   79   76   73
   71   70   70   71   72   71   68   64   62   59   57   57   57   57   57   56
   54   52   51   50   49   49   48   49   50
    35.0-180.0 180.0   5.0 450.0                            LAT/LON1/LON2/DLON/H
   48   48   48   50   53   57   61   64   68   72   73   72   69   66   64   65
   69   76   84   90   96  101  104  106  106  105  104  104  105  104  103  103
  103  106  109  112  114  116  116  113  108  100   93   90   86   84   81   77
   74   72   73   74   74   73   69   64   61   59   58   58   59   59   58   57
   55   52   51   50   49   49   48   48   48
    32.5-180.0 180.0   5.0 450.0                            LAT/LON1/LON2/DLON/H
   47   46   45   46   48   51   55   59   63   67   70   70   69   68   69   71
   76   83   90   96  102  108  111  114  114  113  111  110  111  112  113  114
  117  120  122  124  125  126  126  123  117  109  102   97   93   89   87   82
   76   74   74   75   75   73   69   65   62   61   60   61   60   61   60   58
   55   53   51   50   49   50   49   48   47
    30.0-180.0 180.0   5.0 450.0                            LAT/LON1/LON2/DLON/H
   48   46   44   44   45   47   50   53   57   61   65   67   67   69   72   76
   82   89   94  100  106  112  117  120  121  118  116  115  117  120  124  128
  134  138  139  140  139  140  138  134  126  118  110  105  100   95   92   85
   78   74   74   76   76   73   69   65   64   64   64   64   64   63   62   60
   56   53   51   51   50   50   51   50   48
    27.5-180.0 180.0   5.0 450.0                            LAT/LON1/LON2/DLON/H
   51   48   46   44   43   44   46   48   51   54   59   62   65   68   74   80
   86   92   97  101  107  113  120  124  125  123  119  118  121  128  136  145
  153  157  158  158  156  154  152  147  140  129  121  115  108  101   94   85
   78   75   75   77   77   74   70   68   68   69   69   68   68   66   64   61
   58   54   52   51   51   52   53   53   51
    25.0-180.0 180.0   5.0 450.0                            LAT/LON1/LON2/DLON/H
   54   52   49   46   44   43   44   44   46   48   53   57   61   67   74   82
   90   96   99  102  107  113  120  124  126  125  122  121  126  136  149  162
  173  179  179  178  175  171  167  161  154  142  133  126  118  109   99   89
   81   77   77   79   78   76   73   71   73   74   74   73   71   69   66   63
   59   55   53   51   52   53   55   55   54
    22.5-180.0 180.0   5.0 450.0                            LAT/LON1/LON2/DLON/H
   57   56   53   50   47   44   43   42   43   44   48   52   58   65   75   85
   93   98  101  102  106  112  120  125  127  128  125  126  131  145  163  180
  194  200  200  196  191  185  179  173  167  155  145  139  132  121  109   97
   87   81   80   82   81   79   77   75   76   78   77   75   72   69   67   64
   60   57   54   52   52   54   56   57   57
    20.0-180.0 180.0   5.0 450.0                            LAT/LON1/LON2/DLON/H
   58   58   56   52   49   46   44   42   42   42   44   49   55   63   74   87
   97  103  104  105  107  113  121  127  130  132  131  133  139  154  175  198
  212  218  216  211  203  195  189  183  175  164  158  153  146  135  122  107
   95   89   86   87   86   84   81   80   80   80   78   75   71   68   66   64
   61   58   55   53   52   53   55   57   58
    17.5-180.0 180.0   5.0 450.0                            LAT/LON1/LON2/DLON/H
   58   57   56   53   50   46   44   42   41   40   42   46   53   62   75   90
  102  109  110  109  111  116  123  130  134  139  140  144  151  167  190  213
  229  230  227  220  211  203  196  190  183  174  171  169  163  152  137  120
  106   98   94   94   94   91   87   87   86   84   79   74   69   67   65   64
   61   59   56   54   53   53   54   57   58
    15.0-180.0 180.0   5.0 450.0                            LAT/LON1/LON2/DLON/H
   56   56   55   52   49   46   43   41   40   39   40   44   52   63   77   94
  108  116  118  118  119  123  128  134  140  146  149  156  164  180  202  223
  236  237  232  224  216  208  202  197  191  187  185  183  179  168  153  136
  120  110  104  102  101   98   96   94   92   87   80   73   67   65   64   63
   61   60   58   55   53   51   52   55   56
    12.5-180.0 180.0   5.0 450.0                            LAT/LON1/LON2/DLON/H
   54   54   53   51   47   43   42   40   39   39   40   44   51   64   80   98
  114  123  126  129  129  132  136  141  146  153  160  168  177  191  208  225
  235  237  231  224  218  214  208  204  202  200  199  198  194  184  171  153
  136  124  117  111  109  105  102  100   97   91   83   73   66   63   62   62
   62   61   59   57   53   51   50   52   54
    10.0-180.0 180.0   5.0 450.0                            LAT/LON1/LON2/DLON/H
   50   50   49   48   45   42   40   40   39   39   40   44   52   66   83  102
  119  129  136  140  142  143  144  148  153  160  170  178  187  198  210  222
  229  232  227  223  221  220  217  214  213  212  212  211  208  201  187  170
  153  139  128  120  115  110  106  105  102   96   86   75   68   65   63   62
   62   62   61   58   54   50   48   48   50
     7.5-180.0 180.0   5.0 450.0                            LAT/LON1/LON2/DLON/H
   46   46   45   44   42   40   38   38   38   38   40   45   55   70   88  107
  125  138  148  154  155  155  155  157  162  169  179  188  196  204  211  218
  223  225  225  225  228  229  229  227  226  225  225  225  221  214  202  186
  169  153  137  127  119  113  110  108  107  102   92   82   75   71   66   63
   63   63   63   59   55   49   46   45   46
     5.0-180.0 180.0   5.0 450.0                            LAT/LON1/LON2/DLON/H
   43   43   42   42   40   37   36   36   36   37   40   46   58   74   94  114
  132  147  159  167  169  168  166  167  171  179  190  198  206  210  213  218
  222  225  228  233  240  245  246  244  241  239  239  236  232  226  216  201
  184  164  146  131  121  115  113  112  112  108  100   91   85   80   72   67
   64   64   65   62   56   50   45   44   43
     2.5-180.0 180.0   5.0 450.0                            LAT/LON1/LON2/DLON/H
   44   42   42   40   39   36   34   33   34   35   39   47   61   79  100  121
  139  155  168  178  181  179  175  176  179  187  197  207  214  217  219  221
  226  231  239  247  256  264  267  264  258  254  251  247  241  234  226  214
  197  175  154  137  124  118  116  117  119  116  110  103   98   91   82   74
   68   68   69   66   60   54   48   44   44
